7 0.5552884615384616 0.4266826923076923 0.0673076923076923 0.15625
12 0.5588942307692307 0.328125 0.06971153846153846 0.14182692307692307
11 0.6514423076923077 0.12860576923076922 0.07211538461538461 0.18990384615384615
9 0.5420673076923077 0.6526442307692307 0.07932692307692307 0.15625
10 0.6442307692307693 0.5637019230769231 0.057692307692307696 0.13701923076923078
10 0.7259615384615384 0.15625 0.052884615384615384 0.11057692307692307
10 0.7463942307692307 0.3317307692307692 0.06490384615384616 0.1201923076923077
8 0.8449519230769231 0.29927884615384615 0.08413461538461539 0.22355769230769232
6 0.7295673076923077 0.06850961538461539 0.06009615384615385 0.10336538461538461
3 0.7716346153846154 0.6502403846153846 0.08653846153846154 0.17067307692307693
2 0.2091346153846154 0.2800480769230769 0.09134615384615384 0.21394230769230768
4 0.39903846153846156 0.33413461538461536 0.057692307692307696 0.1201923076923077
4 0.5685096153846154 0.5384615384615384 0.06009615384615385 0.125
4 0.45072115384615385 0.6706730769230769 0.06009615384615385 0.1201923076923077