6 0.8713942307692307 0.7163461538461539 0.07932692307692307 0.15865384615384615
4 0.5348557692307693 0.038461538461538464 0.055288461538461536 0.07692307692307693
2 0.8161057692307693 0.3401442307692308 0.0889423076923077 0.21875
5 0.6153846153846154 0.25961538461538464 0.07211538461538461 0.1875
4 0.7235576923076923 0.37740384615384615 0.0625 0.10576923076923077
4 0.6971153846153846 0.19591346153846154 0.057692307692307696 0.10336538461538461
4 0.6838942307692307 0.10697115384615384 0.05048076923076923 0.10817307692307693
4 0.5336538461538461 0.27283653846153844 0.04807692307692308 0.11298076923076923
4 0.6478365384615384 0.49278846153846156 0.06009615384615385 0.1201923076923077
3 0.45072115384615385 0.3701923076923077 0.07451923076923077 0.14903846153846154
7 0.4567307692307692 0.5841346153846154 0.07211538461538461 0.15384615384615385
11 0.36899038461538464 0.2620192307692308 0.06971153846153846 0.1971153846153846
9 0.5228365384615384 0.10096153846153846 0.06009615384615385 0.15384615384615385
9 0.16826923076923078 0.5889423076923077 0.08173076923076923 0.15384615384615385
8 0.171875 0.3389423076923077 0.08413461538461539 0.21153846153846154
12 0.20552884615384615 0.038461538461538464 0.06971153846153846 0.07692307692307693
12 0.26322115384615385 0.7319711538461539 0.07932692307692307 0.1466346153846154
10 0.2692307692307692 0.6009615384615384 0.0625 0.1201923076923077
10 0.4519230769230769 0.2704326923076923 0.057692307692307696 0.11298076923076923
10 0.28966346153846156 0.036057692307692304 0.05048076923076923 0.07211538461538461
10 0.2920673076923077 0.18870192307692307 0.055288461538461536 0.10336538461538461
10 0.46634615384615385 0.7235576923076923 0.0673076923076923 0.125