5 0.21634615384615385 0.296875 0.0625 0.1466346153846154
2 0.21153846153846154 0.3798076923076923 0.08173076923076923 0.1875
1 0.24278846153846154 0.22355769230769232 0.052884615384615384 0.12980769230769232
1 0.203125 0.5144230769230769 0.06009615384615385 0.12980769230769232
6 0.25961538461538464 0.140625 0.057692307692307696 0.11778846153846154
6 0.17908653846153846 0.625 0.07451923076923077 0.1346153846153846
6 0.26322115384615385 0.07091346153846154 0.05048076923076923 0.11298076923076923
6 0.1658653846153846 0.7536057692307693 0.07692307692307693 0.13221153846153846
4 0.3485576923076923 0.07091346153846154 0.04326923076923077 0.0985576923076923
4 0.3425480769230769 0.15144230769230768 0.04567307692307692 0.09615384615384616
4 0.3317307692307692 0.234375 0.04807692307692308 0.0985576923076923
4 0.3233173076923077 0.3161057692307692 0.04567307692307692 0.10817307692307693
4 0.3088942307692308 0.41346153846153844 0.04567307692307692 0.10576923076923077
4 0.296875 0.5192307692307693 0.04567307692307692 0.11057692307692307
4 0.28365384615384615 0.6322115384615384 0.04807692307692308 0.11057692307692307
4 0.2692307692307692 0.7548076923076923 0.052884615384615384 0.1201923076923077
11 0.8317307692307693 0.29927884615384615 0.0673076923076923 0.17067307692307693
8 0.8473557692307693 0.3870192307692308 0.06971153846153846 0.1971153846153846
7 0.8269230769230769 0.22115384615384615 0.052884615384615384 0.1346153846153846
7 0.8629807692307693 0.5108173076923077 0.0625 0.14182692307692307
9 0.8197115384615384 0.14543269230769232 0.057692307692307696 0.12259615384615384
9 0.8677884615384616 0.6502403846153846 0.07211538461538461 0.14182692307692307
12 0.8810096153846154 0.7788461538461539 0.06971153846153846 0.14423076923076922
12 0.8100961538461539 0.06850961538461539 0.052884615384615384 0.10817307692307693
10 0.7355769230769231 0.06971153846153846 0.04807692307692308 0.09134615384615384
10 0.734375 0.15264423076923078 0.05048076923076923 0.09375
10 0.7367788461538461 0.2403846153846154 0.05048076923076923 0.10096153846153846
10 0.7451923076923077 0.328125 0.057692307692307696 0.10336538461538461
10 0.7463942307692307 0.43149038461538464 0.06009615384615385 0.10817307692307693
10 0.7584134615384616 0.5372596153846154 0.06009615384615385 0.0985576923076923
10 0.7596153846153846 0.6430288461538461 0.0625 0.10817307692307693
10 0.7716346153846154 0.7680288461538461 0.0625 0.10817307692307693