2 0.7764423076923077 0.2620192307692308 0.08173076923076923 0.20673076923076922
5 0.7055288461538461 0.3942307692307692 0.07932692307692307 0.19230769230769232
6 0.8653846153846154 0.78125 0.08653846153846154 0.14423076923076922
6 0.7283653846153846 0.04927884615384615 0.0673076923076923 0.0985576923076923
1 0.33653846153846156 0.5240384615384616 0.07211538461538461 0.15384615384615385
1 0.6394230769230769 0.052884615384615384 0.057692307692307696 0.10576923076923077
3 0.5973557692307693 0.31009615384615385 0.06490384615384616 0.15384615384615385
3 0.6478365384615384 0.6526442307692307 0.07451923076923077 0.1466346153846154
4 0.5949519230769231 0.5288461538461539 0.06490384615384616 0.125
4 0.7512019230769231 0.7836538461538461 0.06971153846153846 0.1201923076923077
4 0.6802884615384616 0.3125 0.04807692307692308 0.11538461538461539
4 0.5625 0.1346153846153846 0.04807692307692308 0.11538461538461539
4 0.48677884615384615 0.04927884615384615 0.055288461538461536 0.0985576923076923
4 0.49759615384615385 0.22596153846153846 0.052884615384615384 0.1201923076923077
4 0.33052884615384615 0.42908653846153844 0.05048076923076923 0.11298076923076923
4 0.5396634615384616 0.6574519230769231 0.055288461538461536 0.12259615384615384
12 0.15264423076923078 0.054086538461538464 0.06009615384615385 0.10817307692307693
12 0.3293269230769231 0.7788461538461539 0.07211538461538461 0.15384615384615385
11 0.2403846153846154 0.18389423076923078 0.07692307692307693 0.18028846153846154
8 0.12259615384615384 0.38221153846153844 0.08173076923076923 0.20673076923076922
7 0.14302884615384615 0.10817307692307693 0.06490384615384616 0.14903846153846154
7 0.11057692307692307 0.6586538461538461 0.07692307692307693 0.14903846153846154
9 0.12740384615384615 0.53125 0.08173076923076923 0.14423076923076922
9 0.32572115384615385 0.2980769230769231 0.06490384615384616 0.13942307692307693
10 0.39302884615384615 0.20673076923076922 0.055288461538461536 0.11538461538461539
10 0.38341346153846156 0.046875 0.05048076923076923 0.09375
10 0.23677884615384615 0.12259615384615384 0.055288461538461536 0.10576923076923077
10 0.2283653846153846 0.3112980769230769 0.052884615384615384 0.11778846153846154
10 0.22115384615384615 0.6622596153846154 0.0625 0.12259615384615384
10 0.2283653846153846 0.41346153846153844 0.0625 0.1201923076923077
10 0.4170673076923077 0.5432692307692307 0.055288461538461536 0.1201923076923077
10 0.4362980769230769 0.7944711538461539 0.06490384615384616 0.12740384615384615