6 0.13221153846153846 0.7824519230769231 0.07692307692307693 0.1466346153846154
2 0.32572115384615385 0.7355769230769231 0.08413461538461539 0.21634615384615385
5 0.3918269230769231 0.3076923076923077 0.07211538461538461 0.18269230769230768
4 0.3076923076923077 0.23317307692307693 0.052884615384615384 0.11057692307692307
4 0.36177884615384615 0.53125 0.06009615384615385 0.11538461538461539
4 0.4735576923076923 0.3125 0.052884615384615384 0.11538461538461539
8 0.640625 0.38100961538461536 0.07932692307692307 0.20432692307692307
12 0.8221153846153846 0.21514423076923078 0.0673076923076923 0.12740384615384615
10 0.7247596153846154 0.052884615384615384 0.06009615384615385 0.10576923076923077
10 0.6358173076923077 0.1502403846153846 0.055288461538461536 0.11298076923076923
10 0.5600961538461539 0.3161057692307692 0.052884615384615384 0.11298076923076923
10 0.7403846153846154 0.6490384615384616 0.0625 0.12980769230769232