9 0.2512019230769231 0.6598557692307693 0.07451923076923077 0.1658653846153846
2 0.7776442307692307 0.33052884615384615 0.0889423076923077 0.2091346153846154
6 0.5697115384615384 0.0985576923076923 0.0625 0.1346153846153846
1 0.5072115384615384 0.24759615384615385 0.0625 0.14903846153846154
4 0.4170673076923077 0.19471153846153846 0.055288461538461536 0.11057692307692307
4 0.6935096153846154 0.37259615384615385 0.05048076923076923 0.11538461538461539
4 0.6177884615384616 0.5649038461538461 0.057692307692307696 0.125
4 0.5540865384615384 0.6935096153846154 0.06009615384615385 0.12259615384615384
9 0.46274038461538464 0.671875 0.07451923076923077 0.16105769230769232
7 0.44591346153846156 0.4483173076923077 0.06490384615384616 0.16105769230769232
8 0.15865384615384615 0.3112980769230769 0.08173076923076923 0.21394230769230768
12 0.42908653846153844 0.09014423076923077 0.06009615384615385 0.13221153846153846
11 0.34134615384615385 0.15985576923076922 0.0625 0.18509615384615385
10 0.26802884615384615 0.17668269230769232 0.055288461538461536 0.11298076923076923
10 0.25841346153846156 0.3545673076923077 0.06490384615384616 0.11298076923076923
10 0.34975961538461536 0.34615384615384615 0.06009615384615385 0.1201923076923077
10 0.3629807692307692 0.5769230769230769 0.0625 0.12980769230769232