6 0.859375 0.7848557692307693 0.07932692307692307 0.13701923076923078
2 0.7764423076923077 0.2980769230769231 0.07692307692307693 0.20673076923076922
6 0.7391826923076923 0.0829326923076923 0.055288461538461536 0.12259615384615384
5 0.5240384615384616 0.42427884615384615 0.0625 0.18028846153846154
3 0.6454326923076923 0.6586538461538461 0.06490384615384616 0.14903846153846154
3 0.6021634615384616 0.33413461538461536 0.055288461538461536 0.13942307692307693
4 0.7536057692307693 0.7860576923076923 0.06009615384615385 0.1201923076923077
4 0.6129807692307693 0.5396634615384616 0.052884615384615384 0.10817307692307693
4 0.5492788461538461 0.6706730769230769 0.055288461538461536 0.11057692307692307
4 0.6911057692307693 0.3449519230769231 0.05048076923076923 0.10817307692307693
4 0.5192307692307693 0.26322115384615385 0.052884615384615384 0.10817307692307693
4 0.5805288461538461 0.171875 0.05048076923076923 0.10817307692307693
1 0.65625 0.07692307692307693 0.052884615384615384 0.13942307692307693
1 0.3629807692307692 0.546875 0.057692307692307696 0.1466346153846154
7 0.18509615384615385 0.15144230769230768 0.0625 0.14423076923076922
12 0.1971153846153846 0.0889423076923077 0.052884615384615384 0.1201923076923077
8 0.16346153846153846 0.4074519230769231 0.07692307692307693 0.19951923076923078
11 0.34615384615384615 0.14543269230769232 0.0625 0.18028846153846154
9 0.35336538461538464 0.3317307692307692 0.0625 0.1346153846153846
9 0.16466346153846154 0.5492788461538461 0.07451923076923077 0.13701923076923078
7 0.1466346153846154 0.6670673076923077 0.07211538461538461 0.1466346153846154
10 0.2536057692307692 0.6754807692307693 0.055288461538461536 0.11538461538461539
10 0.2620192307692308 0.4423076923076923 0.0625 0.11057692307692307
10 0.2608173076923077 0.34134615384615385 0.05048076923076923 0.11057692307692307
10 0.27403846153846156 0.17067307692307693 0.052884615384615384 0.11057692307692307
10 0.41466346153846156 0.08413461538461539 0.05048076923076923 0.11057692307692307
10 0.421875 0.24519230769230768 0.05048076923076923 0.10576923076923077