5 0.20793269230769232 0.2860576923076923 0.07451923076923077 0.15865384615384615
2 0.19831730769230768 0.3605769230769231 0.08413461538461539 0.19230769230769232
1 0.23076923076923078 0.20072115384615385 0.057692307692307696 0.12740384615384615
1 0.1814903846153846 0.49278846153846156 0.06490384615384616 0.1346153846153846
3 0.24759615384615385 0.11899038461538461 0.0625 0.11778846153846154
3 0.15745192307692307 0.609375 0.07932692307692307 0.12740384615384615
6 0.2536057692307692 0.05048076923076923 0.055288461538461536 0.10096153846153846
6 0.13701923076923078 0.7415865384615384 0.07692307692307693 0.13221153846153846
4 0.3401442307692308 0.046875 0.04567307692307692 0.09375
4 0.3329326923076923 0.12620192307692307 0.04567307692307692 0.0985576923076923
4 0.31971153846153844 0.21153846153846154 0.04326923076923077 0.10096153846153846
4 0.30649038461538464 0.2980769230769231 0.04567307692307692 0.10096153846153846
4 0.2932692307692308 0.39663461538461536 0.052884615384615384 0.09615384615384616
4 0.2776442307692308 0.5036057692307693 0.05048076923076923 0.10817307692307693
4 0.2620192307692308 0.6165865384615384 0.052884615384615384 0.10817307692307693
4 0.24519230769230768 0.7427884615384616 0.057692307692307696 0.10576923076923077
11 0.8245192307692307 0.265625 0.0673076923076923 0.17548076923076922
8 0.8377403846153846 0.3545673076923077 0.07451923076923077 0.19471153846153846
7 0.8497596153846154 0.4855769230769231 0.06009615384615385 0.13942307692307693
7 0.8221153846153846 0.18990384615384615 0.057692307692307696 0.1346153846153846
9 0.8149038461538461 0.109375 0.057692307692307696 0.12259615384615384
9 0.8521634615384616 0.625 0.07451923076923077 0.1346153846153846
10 0.7487980769230769 0.7463942307692307 0.06009615384615385 0.10817307692307693
10 0.7427884615384616 0.6177884615384616 0.0673076923076923 0.10576923076923077
10 0.7415865384615384 0.5120192307692307 0.055288461538461536 0.10096153846153846
10 0.7307692307692307 0.4050480769230769 0.052884615384615384 0.10336538461538461
10 0.7319711538461539 0.29927884615384615 0.055288461538461536 0.10336538461538461
10 0.7247596153846154 0.21153846153846154 0.04567307692307692 0.09615384615384616
10 0.7259615384615384 0.12259615384615384 0.04807692307692308 0.09134615384615384
10 0.7283653846153846 0.04567307692307692 0.04807692307692308 0.09134615384615384
12 0.8064903846153846 0.04447115384615385 0.055288461538461536 0.0889423076923077
12 0.8641826923076923 0.75 0.07451923076923077 0.14423076923076922