6 0.1346153846153846 0.7536057692307693 0.08173076923076923 0.14182692307692307
12 0.33774038461538464 0.7355769230769231 0.06971153846153846 0.14423076923076922
2 0.25240384615384615 0.6057692307692307 0.09134615384615384 0.20192307692307693
5 0.38341346153846156 0.29447115384615385 0.06971153846153846 0.18028846153846154
4 0.2824519230769231 0.4098557692307692 0.06009615384615385 0.11778846153846154
4 0.30288461538461536 0.22956730769230768 0.052884615384615384 0.11298076923076923
4 0.35697115384615385 0.5108173076923077 0.05048076923076923 0.11298076923076923
3 0.546875 0.3942307692307692 0.06971153846153846 0.13942307692307693
4 0.46875 0.2980769230769231 0.04807692307692308 0.10576923076923077
9 0.47596153846153844 0.12740384615384615 0.057692307692307696 0.13942307692307693
9 0.5360576923076923 0.7403846153846154 0.07211538461538461 0.15865384615384615
7 0.5456730769230769 0.6069711538461539 0.057692307692307696 0.1466346153846154
11 0.6274038461538461 0.28725961538461536 0.0625 0.18028846153846154
8 0.7223557692307693 0.3641826923076923 0.07451923076923077 0.2091346153846154
12 0.7848557692307693 0.055288461538461536 0.05048076923076923 0.09134615384615384
10 0.5492788461538461 0.3004807692307692 0.05048076923076923 0.10576923076923077
10 0.7067307692307693 0.052884615384615384 0.052884615384615384 0.09134615384615384
10 0.7043269230769231 0.20793269230769232 0.052884615384615384 0.10817307692307693
10 0.7295673076923077 0.6153846153846154 0.06490384615384616 0.11538461538461539