6 0.12259615384615384 0.7427884615384616 0.08173076923076923 0.13942307692307693
12 0.3245192307692308 0.7247596153846154 0.07211538461538461 0.14182692307692307
2 0.24278846153846154 0.5973557692307693 0.09134615384615384 0.19951923076923078
5 0.3737980769230769 0.28966346153846156 0.06971153846153846 0.17548076923076922
4 0.27283653846153844 0.40384615384615385 0.06009615384615385 0.11538461538461539
4 0.2956730769230769 0.22596153846153846 0.052884615384615384 0.11057692307692307
4 0.3449519230769231 0.5024038461538461 0.05048076923076923 0.11057692307692307
3 0.5336538461538461 0.3870192307692308 0.0673076923076923 0.13942307692307693
4 0.4579326923076923 0.29447115384615385 0.04567307692307692 0.10336538461538461
9 0.4675480769230769 0.12620192307692307 0.06009615384615385 0.13701923076923078
9 0.5192307692307693 0.7295673076923077 0.07211538461538461 0.15625
7 0.5300480769230769 0.5985576923076923 0.06009615384615385 0.14423076923076922
11 0.6141826923076923 0.2824519230769231 0.06490384615384616 0.18028846153846154
8 0.7055288461538461 0.359375 0.07451923076923077 0.20432692307692307
12 0.7716346153846154 0.055288461538461536 0.052884615384615384 0.09134615384615384
10 0.5372596153846154 0.29447115384615385 0.05048076923076923 0.10336538461538461
10 0.6959134615384616 0.051682692307692304 0.055288461538461536 0.0889423076923077
10 0.6911057692307693 0.20552884615384615 0.055288461538461536 0.10817307692307693
10 0.7103365384615384 0.6057692307692307 0.06490384615384616 0.11538461538461539