11 0.1935096153846154 0.26802884615384615 0.07451923076923077 0.17548076923076922
8 0.1778846153846154 0.3581730769230769 0.07692307692307693 0.1971153846153846
9 0.37259615384615385 0.18389423076923078 0.0625 0.14182692307692307
9 0.18028846153846154 0.5997596153846154 0.07211538461538461 0.1466346153846154
12 0.27524038461538464 0.7415865384615384 0.06971153846153846 0.13701923076923078
12 0.20793269230769232 0.04807692307692308 0.06009615384615385 0.09615384615384616
7 0.16947115384615385 0.484375 0.06490384615384616 0.14182692307692307
7 0.36658653846153844 0.04567307692307692 0.055288461538461536 0.09134615384615384
10 0.4495192307692308 0.2860576923076923 0.04326923076923077 0.09615384615384616
10 0.4387019230769231 0.12740384615384615 0.040865384615384616 0.09615384615384616
10 0.28846153846153844 0.04807692307692308 0.04807692307692308 0.09615384615384616
10 0.28725961538461536 0.21153846153846154 0.04567307692307692 0.10096153846153846
10 0.28725961538461536 0.40384615384615385 0.055288461538461536 0.10096153846153846
10 0.2800480769230769 0.5084134615384616 0.05048076923076923 0.10817307692307693
10 0.2824519230769231 0.6141826923076923 0.055288461538461536 0.11298076923076923
10 0.4735576923076923 0.7331730769230769 0.057692307692307696 0.11057692307692307
3 0.6021634615384616 0.1141826923076923 0.05048076923076923 0.13701923076923078
3 0.4579326923076923 0.38461538461538464 0.06490384615384616 0.14423076923076922
5 0.8088942307692307 0.27283653846153844 0.06971153846153846 0.15144230769230768
2 0.8137019230769231 0.3545673076923077 0.07932692307692307 0.18990384615384615
6 0.5973557692307693 0.051682692307692304 0.05048076923076923 0.10336538461538461
6 0.8774038461538461 0.7307692307692307 0.07692307692307693 0.1346153846153846
1 0.7704326923076923 0.1935096153846154 0.04567307692307692 0.13701923076923078
1 0.7391826923076923 0.6081730769230769 0.06490384615384616 0.14423076923076922
4 0.7331730769230769 0.5012019230769231 0.057692307692307696 0.0985576923076923
4 0.7199519230769231 0.39302884615384615 0.055288461538461536 0.10817307692307693
4 0.6442307692307693 0.6141826923076923 0.057692307692307696 0.10817307692307693
4 0.6730769230769231 0.7391826923076923 0.057692307692307696 0.10817307692307693
4 0.6911057692307693 0.21514423076923078 0.05048076923076923 0.0985576923076923
4 0.6778846153846154 0.12980769230769232 0.04326923076923077 0.10096153846153846
4 0.5288461538461539 0.04927884615384615 0.04326923076923077 0.0985576923076923
4 0.53125 0.29086538461538464 0.04326923076923077 0.10576923076923077