5 0.19831730769230768 0.2764423076923077 0.07932692307692307 0.16826923076923078
2 0.19110576923076922 0.35216346153846156 0.07932692307692307 0.19471153846153846
6 0.1310096153846154 0.7247596153846154 0.07932692307692307 0.13701923076923078
6 0.24759615384615385 0.04807692307692308 0.04807692307692308 0.09615384615384616
1 0.22956730769230768 0.1875 0.05048076923076923 0.13942307692307693
1 0.265625 0.6021634615384616 0.06490384615384616 0.14182692307692307
4 0.3293269230769231 0.042067307692307696 0.04807692307692308 0.08413461538461539
4 0.3076923076923077 0.20673076923076922 0.04326923076923077 0.10096153846153846
4 0.32211538461538464 0.11899038461538461 0.04326923076923077 0.0985576923076923
4 0.2668269230769231 0.49038461538461536 0.057692307692307696 0.10096153846153846
4 0.28365384615384615 0.38221153846153844 0.04807692307692308 0.10576923076923077
4 0.33052884615384615 0.7283653846153846 0.05048076923076923 0.10576923076923077
4 0.359375 0.6021634615384616 0.055288461538461536 0.11298076923076923
4 0.47115384615384615 0.27524038461538464 0.04807692307692308 0.10336538461538461
3 0.4014423076923077 0.10336538461538461 0.052884615384615384 0.12980769230769232
3 0.5444711538461539 0.36538461538461536 0.06009615384615385 0.14423076923076922
11 0.8088942307692307 0.2439903846153846 0.06490384615384616 0.17548076923076922
8 0.8221153846153846 0.3317307692307692 0.07211538461538461 0.19230769230769232
7 0.8052884615384616 0.16947115384615385 0.052884615384615384 0.13701923076923078
7 0.8329326923076923 0.4639423076923077 0.06009615384615385 0.1346153846153846
9 0.6298076923076923 0.171875 0.052884615384615384 0.1466346153846154
9 0.8245192307692307 0.5793269230769231 0.07211538461538461 0.14423076923076922
12 0.7295673076923077 0.7223557692307693 0.06490384615384616 0.14182692307692307
12 0.7932692307692307 0.03485576923076923 0.04807692307692308 0.06971153846153846
10 0.7139423076923077 0.03485576923076923 0.038461538461538464 0.06971153846153846
10 0.7127403846153846 0.10336538461538461 0.040865384615384616 0.09134615384615384
10 0.7139423076923077 0.1935096153846154 0.04326923076923077 0.09375
10 0.7175480769230769 0.27884615384615385 0.04567307692307692 0.10096153846153846
10 0.7175480769230769 0.38221153846153844 0.05048076923076923 0.10096153846153846
10 0.7247596153846154 0.4855769230769231 0.05048076923076923 0.10576923076923077
10 0.7235576923076923 0.5925480769230769 0.052884615384615384 0.10817307692307693
10 0.5300480769230769 0.7199519230769231 0.055288461538461536 0.11778846153846154