2 0.7692307692307693 0.6983173076923077 0.08413461538461539 0.20192307692307693
12 0.4338942307692308 0.6622596153846154 0.06490384615384616 0.13701923076923078
9 0.35216346153846156 0.5745192307692307 0.06490384615384616 0.14783653846153846
7 0.4423076923076923 0.5685096153846154 0.05889423076923077 0.15625
11 0.3473557692307692 0.8545673076923077 0.0673076923076923 0.1778846153846154
8 0.16706730769230768 0.6971153846153846 0.07932692307692307 0.21394230769230768
10 0.27403846153846156 0.8317307692307693 0.057692307692307696 0.10576923076923077
10 0.25961538461538464 0.6610576923076923 0.055288461538461536 0.1141826923076923
10 0.3545673076923077 0.4387019230769231 0.056490384615384616 0.1201923076923077
6 0.27163461538461536 0.9290865384615384 0.0625 0.13221153846153846
4 0.5913461538461539 0.6538461538461539 0.052884615384615384 0.11778846153846154
4 0.42908653846153844 0.4579326923076923 0.057692307692307696 0.109375
4 0.5432692307692307 0.33413461538461536 0.06009615384615385 0.11899038461538461