6 0.8509615384615384 0.21634615384615385 0.07211538461538461 0.13221153846153846
6 0.7331730769230769 0.9182692307692307 0.052884615384615384 0.10817307692307693
5 0.7055288461538461 0.5865384615384616 0.06370192307692307 0.16947115384615385
2 0.7716346153846154 0.7007211538461539 0.078125 0.1935096153846154
3 0.8161057692307693 0.4567307692307692 0.06971153846153846 0.1310096153846154
3 0.6069711538461539 0.6586538461538461 0.05889423076923077 0.13341346153846154
1 0.7415865384615384 0.8425480769230769 0.055288461538461536 0.1346153846153846
1 0.5204326923076923 0.6682692307692307 0.046875 0.13581730769230768
4 0.7439903846153846 0.21394230769230768 0.057692307692307696 0.11298076923076923
4 0.6826923076923077 0.65625 0.04447115384615385 0.10336538461538461
4 0.5757211538461539 0.8233173076923077 0.04447115384615385 0.10817307692307693
4 0.5072115384615384 0.9110576923076923 0.042067307692307696 0.10096153846153846
4 0.5132211538461539 0.7367788461538461 0.042067307692307696 0.10336538461538461
4 0.5324519230769231 0.5528846153846154 0.04567307692307692 0.1045673076923077
4 0.5997596153846154 0.4543269230769231 0.046875 0.11177884615384616
4 0.5432692307692307 0.3317307692307692 0.051682692307692304 0.1201923076923077
8 0.16466346153846154 0.5949519230769231 0.07451923076923077 0.1935096153846154
9 0.35216346153846156 0.6682692307692307 0.057692307692307696 0.13581730769230768
9 0.16105769230769232 0.453125 0.06850961538461539 0.13221153846153846
12 0.3485576923076923 0.22115384615384615 0.06610576923076923 0.13942307692307693
12 0.19951923076923078 0.9098557692307693 0.05048076923076923 0.1201923076923077
7 0.18629807692307693 0.8473557692307693 0.054086538461538464 0.14302884615384615
7 0.14543269230769232 0.33413461538461536 0.06129807692307692 0.140625
11 0.27524038461538464 0.7788461538461539 0.0673076923076923 0.16466346153846154
10 0.27403846153846156 0.8317307692307693 0.040865384615384616 0.1045673076923077
10 0.2620192307692308 0.6622596153846154 0.04326923076923077 0.10216346153846154
10 0.41466346153846156 0.9146634615384616 0.04326923076923077 0.1045673076923077
10 0.4170673076923077 0.7536057692307693 0.046875 0.10697115384615384
10 0.2608173076923077 0.5612980769230769 0.04927884615384615 0.10336538461538461
10 0.24759615384615385 0.33052884615384615 0.052884615384615384 0.10817307692307693
10 0.4483173076923077 0.21033653846153846 0.054086538461538464 0.11538461538461539
10 0.43028846153846156 0.43990384615384615 0.04927884615384615 0.11057692307692307