6 0.8389423076923077 0.2704326923076923 0.07692307692307693 0.15745192307692307
2 0.8076923076923077 0.5120192307692307 0.08653846153846154 0.20552884615384615
5 0.5985576923076923 0.7067307692307693 0.0625 0.17307692307692307
4 0.6778846153846154 0.7704326923076923 0.04807692307692308 0.109375
4 0.6995192307692307 0.5973557692307693 0.052884615384615384 0.10697115384615384
4 0.6237980769230769 0.4963942307692308 0.055288461538461536 0.109375
4 0.5228365384615384 0.9362980769230769 0.03485576923076923 0.09735576923076923
4 0.5168269230769231 0.6983173076923077 0.04927884615384615 0.10336538461538461
3 0.4423076923076923 0.6069711538461539 0.0625 0.13822115384615385
9 0.5096153846153846 0.8641826923076923 0.052884615384615384 0.1346153846153846
7 0.44350961538461536 0.4014423076923077 0.057692307692307696 0.14543269230769232
8 0.26802884615384615 0.6322115384615384 0.07572115384615384 0.19591346153846154
11 0.3629807692307692 0.7079326923076923 0.05889423076923077 0.1814903846153846
9 0.3557692307692308 0.5120192307692307 0.0625 0.14543269230769232
12 0.20673076923076922 0.9459134615384616 0.052884615384615384 0.10817307692307693
10 0.28365384615384615 0.9447115384615384 0.046875 0.10096153846153846
10 0.2848557692307692 0.7836538461538461 0.05048076923076923 0.1045673076923077
10 0.4375 0.6995192307692307 0.04567307692307692 0.0985576923076923
10 0.44591346153846156 0.2644230769230769 0.06009615384615385 0.11057692307692307
10 0.26322115384615385 0.3858173076923077 0.057692307692307696 0.109375
12 0.2548076923076923 0.25721153846153844 0.078125 0.13822115384615385