2 0.2283653846153846 0.7019230769230769 0.07091346153846154 0.19230769230769232
5 0.2956730769230769 0.5793269230769231 0.06850961538461539 0.17908653846153846
6 0.15384615384615385 0.21754807692307693 0.078125 0.1346153846153846
6 0.2668269230769231 0.9158653846153846 0.057692307692307696 0.11778846153846154
1 0.6418269230769231 0.45913461538461536 0.06370192307692307 0.14302884615384615
1 0.34975961538461536 0.9206730769230769 0.052884615384615384 0.14182692307692307
3 0.3942307692307692 0.6574519230769231 0.056490384615384616 0.14302884615384615
3 0.3545673076923077 0.3389423076923077 0.06610576923076923 0.1346153846153846
4 0.4026442307692308 0.4543269230769231 0.05889423076923077 0.11538461538461539
4 0.2608173076923077 0.21514423076923078 0.06129807692307692 0.11298076923076923
4 0.3173076923076923 0.6538461538461539 0.04326923076923077 0.10697115384615384
4 0.4230769230769231 0.8221153846153846 0.042067307692307696 0.10697115384615384
4 0.49278846153846156 0.9086538461538461 0.04807692307692308 0.1045673076923077
4 0.4855769230769231 0.7355769230769231 0.046875 0.11057692307692307
4 0.6454326923076923 0.5480769230769231 0.04567307692307692 0.10576923076923077
4 0.4567307692307692 0.33413461538461536 0.05048076923076923 0.1141826923076923
12 0.8028846153846154 0.9098557692307693 0.05048076923076923 0.11658653846153846
12 0.6550480769230769 0.22115384615384615 0.06490384615384616 0.14302884615384615
11 0.7259615384615384 0.7776442307692307 0.0673076923076923 0.16826923076923078
8 0.8389423076923077 0.59375 0.07211538461538461 0.19110576923076922
7 0.8137019230769231 0.8473557692307693 0.055288461538461536 0.13822115384615385
7 0.8569711538461539 0.33653846153846156 0.06850961538461539 0.13822115384615385
9 0.8365384615384616 0.453125 0.07451923076923077 0.13341346153846154
9 0.6478365384615384 0.6706730769230769 0.057692307692307696 0.12980769230769232
10 0.5817307692307693 0.7548076923076923 0.04807692307692308 0.10817307692307693
10 0.5889423076923077 0.9146634615384616 0.046875 0.1045673076923077
10 0.7271634615384616 0.8341346153846154 0.04807692307692308 0.0985576923076923
10 0.7391826923076923 0.6586538461538461 0.04807692307692308 0.10697115384615384
10 0.7536057692307693 0.3317307692307692 0.056490384615384616 0.1141826923076923
10 0.7403846153846154 0.5637019230769231 0.054086538461538464 0.11298076923076923
10 0.5685096153846154 0.4411057692307692 0.04807692307692308 0.11177884615384616
10 0.5540865384615384 0.20793269230769232 0.057692307692307696 0.11658653846153846