5 0.4795673076923077 0.5793269230769231 0.06490384615384616 0.18509615384615385
3 0.4050480769230769 0.6658653846153846 0.054086538461538464 0.14543269230769232
3 0.3605769230769231 0.34375 0.06971153846153846 0.15504807692307693
2 0.23197115384615385 0.6995192307692307 0.07932692307692307 0.19591346153846154
6 0.2668269230769231 0.9146634615384616 0.056490384615384616 0.12740384615384615
6 0.15264423076923078 0.21634615384615385 0.07932692307692307 0.13942307692307693
4 0.25600961538461536 0.21634615384615385 0.06370192307692307 0.12259615384615384
4 0.3173076923076923 0.65625 0.052884615384615384 0.11538461538461539
4 0.42427884615384615 0.8245192307692307 0.04447115384615385 0.10576923076923077
4 0.3918269230769231 0.46033653846153844 0.054086538461538464 0.10697115384615384
4 0.4579326923076923 0.33653846153846156 0.056490384615384616 0.1141826923076923
4 0.48677884615384615 0.734375 0.04807692307692308 0.11658653846153846
1 0.34615384615384615 0.9194711538461539 0.052884615384615384 0.14182692307692307
1 0.6430288461538461 0.46153846153846156 0.06009615384615385 0.14783653846153846
12 0.8028846153846154 0.9146634615384616 0.056490384615384616 0.12860576923076922
8 0.8365384615384616 0.5985576923076923 0.07211538461538461 0.1971153846153846
9 0.6502403846153846 0.6694711538461539 0.06009615384615385 0.13822115384615385
9 0.8377403846153846 0.4543269230769231 0.07211538461538461 0.14182692307692307
7 0.8125 0.8497596153846154 0.057692307692307696 0.140625
7 0.8557692307692307 0.3401442307692308 0.0673076923076923 0.140625
11 0.7271634615384616 0.7788461538461539 0.0733173076923077 0.16105769230769232
10 0.7271634615384616 0.8341346153846154 0.04927884615384615 0.09975961538461539
10 0.5877403846153846 0.9134615384615384 0.04927884615384615 0.10216346153846154
10 0.5817307692307693 0.75 0.04567307692307692 0.10697115384615384
10 0.7403846153846154 0.6610576923076923 0.046875 0.10576923076923077
10 0.7415865384615384 0.5600961538461539 0.054086538461538464 0.11057692307692307
10 0.7487980769230769 0.3317307692307692 0.056490384615384616 0.11658653846153846