10 0.75 0.33413461538461536 0.055288461538461536 0.11298076923076923
4 0.4567307692307692 0.3329326923076923 0.05048076923076923 0.11298076923076923
3 0.5588942307692307 0.22115384615384615 0.0673076923076923 0.15384615384615385
4 0.25841346153846156 0.21634615384615385 0.06129807692307692 0.11538461538461539
9 0.765625 0.21394230769230768 0.07211538461538461 0.15625
6 0.42908653846153844 0.9194711538461539 0.051682692307692304 0.12259615384615384
10 0.5865384615384616 0.9158653846153846 0.046875 0.10817307692307693
12 0.8028846153846154 0.9086538461538461 0.06009615384615385 0.12740384615384615
11 0.6538461538461539 0.8545673076923077 0.06370192307692307 0.17427884615384615
7 0.8137019230769231 0.8485576923076923 0.06490384615384616 0.13822115384615385
1 0.4014423076923077 0.8389423076923077 0.05048076923076923 0.1466346153846154
10 0.7259615384615384 0.8353365384615384 0.046875 0.1141826923076923
4 0.5108173076923077 0.828125 0.04326923076923077 0.10096153846153846
4 0.4855769230769231 0.7355769230769231 0.042067307692307696 0.10576923076923077
2 0.23076923076923078 0.7067307692307693 0.08052884615384616 0.19831730769230768
9 0.6478365384615384 0.6742788461538461 0.06009615384615385 0.1346153846153846
3 0.4050480769230769 0.6646634615384616 0.057692307692307696 0.14182692307692307
10 0.7391826923076923 0.6610576923076923 0.052884615384615384 0.109375
4 0.31490384615384615 0.6586538461538461 0.046875 0.109375
8 0.8377403846153846 0.5913461538461539 0.078125 0.19831730769230768
7 0.6430288461538461 0.5757211538461539 0.051682692307692304 0.13221153846153846
6 0.21033653846153846 0.5637019230769231 0.07091346153846154 0.12980769230769232
10 0.7391826923076923 0.5625 0.06009615384615385 0.10697115384615384
4 0.3918269230769231 0.46153846153846156 0.052884615384615384 0.11538461538461539
1 0.6418269230769231 0.46033653846153844 0.055288461538461536 0.14302884615384615