11 0.6538461538461539 0.8509615384615384 0.0733173076923077 0.18028846153846154
7 0.8161057692307693 0.8509615384615384 0.0625 0.13822115384615385
12 0.8016826923076923 0.9098557692307693 0.06370192307692307 0.12740384615384615
8 0.8341346153846154 0.6947115384615384 0.07692307692307693 0.20552884615384615
9 0.7644230769230769 0.2091346153846154 0.08653846153846154 0.1658653846153846
10 0.7247596153846154 0.8341346153846154 0.06009615384615385 0.11899038461538461
10 0.7403846153846154 0.6622596153846154 0.056490384615384616 0.11298076923076923
10 0.7391826923076923 0.5612980769230769 0.05889423076923077 0.11778846153846154
10 0.6430288461538461 0.4375 0.06129807692307692 0.1141826923076923
2 0.23076923076923078 0.703125 0.08533653846153846 0.19951923076923078
1 0.4014423076923077 0.8389423076923077 0.06009615384615385 0.14182692307692307
3 0.7560096153846154 0.36177884615384615 0.07572115384615384 0.16466346153846154
3 0.6502403846153846 0.5637019230769231 0.0673076923076923 0.16466346153846154
6 0.42908653846153844 0.9206730769230769 0.056490384615384616 0.12740384615384615
6 0.4879807692307692 0.6574519230769231 0.06490384615384616 0.13581730769230768
4 0.5841346153846154 0.8149038461538461 0.05048076923076923 0.1141826923076923
4 0.3161057692307692 0.6586538461538461 0.04807692307692308 0.11538461538461539
4 0.4543269230769231 0.33533653846153844 0.06009615384615385 0.125
4 0.3954326923076923 0.46153846153846156 0.057692307692307696 0.125