5 0.7836538461538461 0.703125 0.0733173076923077 0.1622596153846154
2 0.7896634615384616 0.6310096153846154 0.07692307692307693 0.18870192307692307
1 0.7620192307692307 0.7848557692307693 0.051682692307692304 0.12860576923076922
1 0.8040865384615384 0.5024038461538461 0.05889423076923077 0.12860576923076922
3 0.7463942307692307 0.8629807692307693 0.055288461538461536 0.11899038461538461
3 0.8269230769230769 0.3870192307692308 0.07211538461538461 0.12379807692307693
6 0.7415865384615384 0.9326923076923077 0.04927884615384615 0.10216346153846154
6 0.8401442307692307 0.2668269230769231 0.06971153846153846 0.12259615384615384
4 0.7391826923076923 0.2644230769230769 0.05048076923076923 0.10216346153846154
4 0.7235576923076923 0.3858173076923077 0.051682692307692304 0.09735576923076923
4 0.7115384615384616 0.49038461538461536 0.05048076923076923 0.09615384615384616
4 0.6995192307692307 0.5949519230769231 0.04447115384615385 0.09495192307692307
4 0.6850961538461539 0.6923076923076923 0.04326923076923077 0.09495192307692307
4 0.6742788461538461 0.7728365384615384 0.04567307692307692 0.09375
4 0.6670673076923077 0.8533653846153846 0.042067307692307696 0.09254807692307693
4 0.6610576923076923 0.9387019230769231 0.038461538461538464 0.09735576923076923
11 0.18990384615384615 0.7211538461538461 0.06370192307692307 0.16706730769230768
8 0.17427884615384615 0.6358173076923077 0.0673076923076923 0.1935096153846154
7 0.19230769230769232 0.7956730769230769 0.05048076923076923 0.12860576923076922
7 0.15985576923076922 0.5096153846153846 0.06009615384615385 0.13701923076923078
9 0.19951923076923078 0.8713942307692307 0.056490384615384616 0.12139423076923077
9 0.15625 0.37740384615384615 0.06610576923076923 0.13221153846153846
12 0.2091346153846154 0.9471153846153846 0.04927884615384615 0.10576923076923077
12 0.140625 0.2512019230769231 0.07091346153846154 0.13581730769230768
10 0.2824519230769231 0.9423076923076923 0.04447115384615385 0.0889423076923077
10 0.28125 0.8605769230769231 0.04567307692307692 0.09014423076923077
10 0.28125 0.7752403846153846 0.04326923076923077 0.09735576923076923
10 0.27524038461538464 0.6923076923076923 0.05048076923076923 0.09735576923076923
10 0.27403846153846156 0.5901442307692307 0.054086538461538464 0.10096153846153846
10 0.2644230769230769 0.4879807692307692 0.054086538461538464 0.0985576923076923
10 0.2644230769230769 0.3870192307692308 0.051682692307692304 0.10697115384615384
10 0.2548076923076923 0.265625 0.051682692307692304 0.11177884615384616