6 0.14783653846153846 0.25721153846153844 0.07572115384615384 0.13581730769230768
2 0.2608173076923077 0.39903846153846156 0.08173076923076923 0.20432692307692307
5 0.38100961538461536 0.7055288461538461 0.0625 0.16706730769230768
4 0.3016826923076923 0.7728365384615384 0.046875 0.1045673076923077
4 0.28365384615384615 0.5949519230769231 0.051682692307692304 0.1045673076923077
4 0.3605769230769231 0.4963942307692308 0.054086538461538464 0.10576923076923077
4 0.4651442307692308 0.703125 0.051682692307692304 0.10216346153846154
3 0.5420673076923077 0.6141826923076923 0.057692307692307696 0.1346153846153846
7 0.5444711538461539 0.4026442307692308 0.06129807692307692 0.14302884615384615
11 0.6213942307692307 0.7175480769230769 0.06490384615384616 0.17427884615384615
8 0.7127403846153846 0.6430288461538461 0.07211538461538461 0.1935096153846154
9 0.6274038461538461 0.5168269230769231 0.06009615384615385 0.14302884615384615
10 0.5444711538461539 0.7043269230769231 0.046875 0.10096153846153846
10 0.6923076923076923 0.796875 0.04567307692307692 0.1045673076923077
10 0.7223557692307693 0.39783653846153844 0.056490384615384616 0.11298076923076923
10 0.6923076923076923 0.9507211538461539 0.046875 0.09735576923076923
12 0.7692307692307693 0.9519230769230769 0.057692307692307696 0.09615384615384616
12 0.3425480769230769 0.27884615384615385 0.06850961538461539 0.1466346153846154