6 0.8545673076923077 0.25841346153846156 0.07692307692307693 0.13822115384615385
12 0.6550480769230769 0.27884615384615385 0.06610576923076923 0.13942307692307693
2 0.7403846153846154 0.4026442307692308 0.08533653846153846 0.19591346153846154
5 0.6189903846153846 0.7079326923076923 0.06490384615384616 0.17427884615384615
4 0.7151442307692307 0.5949519230769231 0.055288461538461536 0.11298076923076923
4 0.6971153846153846 0.7692307692307693 0.04927884615384615 0.109375
4 0.640625 0.4963942307692308 0.04807692307692308 0.109375
3 0.4579326923076923 0.6129807692307693 0.06490384615384616 0.13581730769230768
4 0.5360576923076923 0.7043269230769231 0.04447115384615385 0.10096153846153846
9 0.5300480769230769 0.8713942307692307 0.055288461538461536 0.13581730769230768
9 0.46274038461538464 0.27524038461538464 0.0673076923076923 0.15264423076923078
7 0.45552884615384615 0.4050480769230769 0.055288461538461536 0.14182692307692307
11 0.38221153846153844 0.7175480769230769 0.05889423076923077 0.17668269230769232
8 0.28846153846153844 0.6430288461538461 0.0673076923076923 0.203125
12 0.23197115384615385 0.9507211538461539 0.046875 0.0985576923076923
10 0.4567307692307692 0.7043269230769231 0.04807692307692308 0.10216346153846154
10 0.30649038461538464 0.9519230769230769 0.05048076923076923 0.09615384615384616
10 0.3076923076923077 0.7956730769230769 0.04927884615384615 0.10576923076923077
10 0.2764423076923077 0.39903846153846156 0.06129807692307692 0.11177884615384616