2 0.23076923076923078 0.7055288461538461 0.08173076923076923 0.203125
6 0.43028846153846156 0.9194711538461539 0.06009615384615385 0.12980769230769232
1 0.49278846153846156 0.7692307692307693 0.056490384615384616 0.1502403846153846
4 0.5805288461538461 0.8233173076923077 0.04807692307692308 0.11658653846153846
4 0.3173076923076923 0.6586538461538461 0.051682692307692304 0.11298076923076923
4 0.39302884615384615 0.45913461538461536 0.057692307692307696 0.11778846153846154
4 0.46033653846153844 0.33533653846153844 0.06009615384615385 0.12259615384615384
3 0.5661057692307693 0.34615384615384615 0.06610576923076923 0.15384615384615385
3 0.7608173076923077 0.36177884615384615 0.0733173076923077 0.15625
11 0.6550480769230769 0.8521634615384616 0.06009615384615385 0.17548076923076922
12 0.8040865384615384 0.9086538461538461 0.06610576923076923 0.13221153846153846
8 0.8317307692307693 0.6947115384615384 0.0733173076923077 0.203125
9 0.765625 0.21153846153846154 0.078125 0.16105769230769232
7 0.5600961538461539 0.5673076923076923 0.06009615384615385 0.14783653846153846
10 0.6538461538461539 0.6706730769230769 0.055288461538461536 0.1201923076923077
10 0.7283653846153846 0.8329326923076923 0.04927884615384615 0.11298076923076923
10 0.7403846153846154 0.6622596153846154 0.04807692307692308 0.11538461538461539
10 0.6454326923076923 0.43990384615384615 0.056490384615384616 0.12139423076923077