3 0.7127403846153846 0.3858173076923077 0.0733173076923077 0.14302884615384615
6 0.8389423076923077 0.26802884615384615 0.07572115384615384 0.13822115384615385
2 0.7884615384615384 0.6322115384615384 0.07692307692307693 0.20192307692307693
5 0.5973557692307693 0.7055288461538461 0.06370192307692307 0.1814903846153846
6 0.5877403846153846 0.9362980769230769 0.051682692307692304 0.11658653846153846
9 0.5889423076923077 0.8689903846153846 0.054086538461538464 0.1310096153846154
9 0.4411057692307692 0.6069711538461539 0.06129807692307692 0.13701923076923078
4 0.5192307692307693 0.9326923076923077 0.046875 0.1045673076923077
4 0.6778846153846154 0.7716346153846154 0.04927884615384615 0.09975961538461539
4 0.6634615384615384 0.8557692307692307 0.046875 0.0985576923076923
4 0.6983173076923077 0.5973557692307693 0.05048076923076923 0.10817307692307693
4 0.7067307692307693 0.4951923076923077 0.055288461538461536 0.109375
4 0.640625 0.2620192307692308 0.06490384615384616 0.11177884615384616
4 0.5180288461538461 0.7019230769230769 0.04807692307692308 0.10817307692307693
8 0.17307692307692307 0.6358173076923077 0.07572115384615384 0.1971153846153846
12 0.20673076923076922 0.9471153846153846 0.055288461538461536 0.10576923076923077
12 0.2536057692307692 0.25841346153846156 0.06971153846153846 0.13942307692307693
7 0.15745192307692307 0.5144230769230769 0.0673076923076923 0.140625
11 0.1875 0.7235576923076923 0.0673076923076923 0.171875
9 0.3641826923076923 0.8040865384615384 0.06009615384615385 0.13701923076923078
9 0.16346153846153846 0.39903846153846156 0.07091346153846154 0.1466346153846154
10 0.4375 0.6983173076923077 0.04567307692307692 0.10216346153846154
10 0.2848557692307692 0.9435096153846154 0.04807692307692308 0.0985576923076923
10 0.28125 0.7764423076923077 0.05048076923076923 0.10697115384615384
10 0.27283653846153844 0.5877403846153846 0.051682692307692304 0.1045673076923077
10 0.2644230769230769 0.4879807692307692 0.055288461538461536 0.10216346153846154
10 0.2620192307692308 0.3858173076923077 0.056490384615384616 0.10817307692307693
10 0.4483173076923077 0.2668269230769231 0.056490384615384616 0.11538461538461539