2 0.234375 0.6983173076923077 0.09014423076923077 0.20673076923076922
3 0.35216346153846156 0.2283653846153846 0.08533653846153846 0.16466346153846154
6 0.3389423076923077 0.8353365384615384 0.06009615384615385 0.13822115384615385
4 0.29927884615384615 0.4567307692307692 0.06009615384615385 0.11658653846153846
4 0.4831730769230769 0.6514423076923077 0.052884615384615384 0.11538461538461539
1 0.4651442307692308 0.46033653846153844 0.06009615384615385 0.1502403846153846
1 0.6490384615384616 0.8497596153846154 0.06971153846153846 0.15985576923076922
8 0.8233173076923077 0.6033653846153846 0.09014423076923077 0.21033653846153846
10 0.6586538461538461 0.45552884615384615 0.057692307692307696 0.12139423076923077
9 0.8052884615384616 0.8533653846153846 0.07091346153846154 0.1658653846153846
7 0.4963942307692308 0.9302884615384616 0.06009615384615385 0.13822115384615385
7 0.8533653846153846 0.35697115384615385 0.0733173076923077 0.15384615384615385