5 0.7848557692307693 0.703125 0.07091346153846154 0.1622596153846154
2 0.7908653846153846 0.6310096153846154 0.07692307692307693 0.1875
6 0.8413461538461539 0.2692307692307692 0.07211538461538461 0.13581730769230768
6 0.7415865384615384 0.9338942307692307 0.051682692307692304 0.11177884615384616
1 0.7536057692307693 0.7884615384615384 0.046875 0.1310096153846154
1 0.7091346153846154 0.38461538461538464 0.06009615384615385 0.12379807692307693
4 0.6983173076923077 0.6009615384615384 0.04447115384615385 0.09615384615384616
4 0.7091346153846154 0.4951923076923077 0.04807692307692308 0.10216346153846154
4 0.6430288461538461 0.2608173076923077 0.051682692307692304 0.10096153846153846
4 0.6177884615384616 0.3858173076923077 0.05048076923076923 0.10697115384615384
4 0.6766826923076923 0.7716346153846154 0.042067307692307696 0.09254807692307693
4 0.6646634615384616 0.8533653846153846 0.039663461538461536 0.09014423076923077
4 0.6586538461538461 0.9387019230769231 0.040865384615384616 0.0985576923076923
3 0.5889423076923077 0.8677884615384616 0.04807692307692308 0.1310096153846154
3 0.6286057692307693 0.5168269230769231 0.06129807692307692 0.13822115384615385
4 0.5168269230769231 0.6983173076923077 0.04326923076923077 0.10216346153846154
11 0.18870192307692307 0.7235576923076923 0.06009615384615385 0.1658653846153846
8 0.17307692307692307 0.6382211538461539 0.06610576923076923 0.1935096153846154
7 0.1622596153846154 0.5120192307692307 0.055288461538461536 0.1346153846153846
7 0.1935096153846154 0.7980769230769231 0.05048076923076923 0.1310096153846154
9 0.36658653846153844 0.8004807692307693 0.05889423076923077 0.14903846153846154
9 0.16826923076923078 0.4026442307692308 0.0673076923076923 0.15144230769230768
10 0.4519230769230769 0.2644230769230769 0.051682692307692304 0.1045673076923077
10 0.2608173076923077 0.38341346153846156 0.056490384615384616 0.10336538461538461
10 0.2644230769230769 0.48197115384615385 0.057692307692307696 0.10817307692307693
10 0.27524038461538464 0.5901442307692307 0.054086538461538464 0.0985576923076923
10 0.2776442307692308 0.6911057692307693 0.057692307692307696 0.09735576923076923
10 0.2800480769230769 0.7776442307692307 0.05048076923076923 0.09254807692307693
10 0.2860576923076923 0.8605769230769231 0.051682692307692304 0.09014423076923077
10 0.2860576923076923 0.9411057692307693 0.038461538461538464 0.09375
12 0.20793269230769232 0.9471153846153846 0.05048076923076923 0.10576923076923077
12 0.2548076923076923 0.2608173076923077 0.06129807692307692 0.13221153846153846