     0/299      7.4G   0.08224   0.02903    0.0408    0.1521        37       640   0.01239   0.02858  0.004228 0.0008726    0.1066   0.05092   0.04214
     1/299     7.41G   0.06835   0.03181   0.03926    0.1394        42       640   0.04257    0.2866   0.04192   0.01102    0.1009   0.04784   0.04088
     2/299     7.42G   0.05724   0.02966   0.03701    0.1239       147       640    0.1325    0.3787   0.07172   0.02533   0.08569   0.04401    0.0403
     3/299     7.42G   0.04956   0.02935     0.036    0.1149       116       640     0.162    0.2782    0.1706   0.07168    0.0711   0.04255   0.03865
     4/299     7.42G   0.05132   0.02835   0.03634     0.116       101       640    0.2467    0.3479     0.168    0.0677    0.0718   0.04197   0.03724
     5/299     7.42G   0.04902   0.03167   0.03631     0.117        94       640    0.2435    0.3305    0.1787   0.07681   0.07212   0.03347    0.0367
     6/299     7.42G   0.04624   0.02672   0.03591    0.1089       124       640    0.1848    0.3404    0.1555   0.03789   0.07485   0.03305   0.03627
     7/299     7.42G   0.05134    0.0256    0.0355    0.1124        90       640    0.1313    0.4488    0.2328   0.08678   0.07009    0.0346   0.03587
     8/299     7.42G   0.04893     0.027   0.03476    0.1107        91       640    0.3223    0.5356    0.3003    0.1005   0.07513   0.03479   0.03487
     9/299     7.42G   0.05034   0.02306   0.03321    0.1066        52       640    0.2021    0.6716    0.3966     0.168   0.07233   0.03784   0.03321
    10/299     7.42G   0.04516   0.02263   0.03091    0.0987       176       640    0.5479    0.5762    0.4834    0.2308   0.06321   0.04224   0.03166
    11/299     7.42G   0.04148   0.02426    0.0284   0.09414        89       640    0.4861    0.5412    0.5055    0.2515     0.055   0.04166   0.03008
    12/299     7.42G   0.04375    0.0243   0.02641   0.09446        83       640    0.5816     0.488    0.5437     0.236   0.06205   0.03698   0.02859
    13/299     7.42G   0.04313   0.02515   0.02514   0.09342        21       640    0.8999    0.4516    0.6642    0.3726   0.05992   0.03725   0.02718
    14/299     7.42G   0.03883   0.02509   0.02292   0.08684       113       640    0.6056    0.7009    0.6942    0.3616   0.07737   0.03184   0.02576
    15/299     7.42G   0.04427   0.01899   0.02163   0.08489        74       640    0.6308    0.7242    0.7665    0.4864   0.06722   0.03757   0.02449
    16/299     7.42G    0.0406   0.02144   0.01981   0.08186        55       640    0.7998    0.7317    0.7859    0.5123   0.05576   0.04103   0.02415
    17/299     7.42G   0.04266   0.02306   0.01814   0.08386        83       640    0.5696    0.8129    0.8034    0.4666   0.07486   0.04218   0.02328
    18/299     7.42G   0.04442   0.02135   0.01857   0.08434        67       640     0.692    0.8017    0.8402    0.4134   0.06699   0.04183   0.02447
    19/299     7.42G   0.04314   0.02071   0.01748   0.08134        51       640    0.8848    0.7388    0.9099    0.5833   0.06556   0.04005   0.02333
    20/299     7.42G   0.03975   0.02246    0.0154    0.0776        20       640     0.955      0.79    0.9361    0.5964   0.05946    0.0413   0.02134
    21/299     7.42G   0.03604   0.02387   0.01405   0.07396       187       640    0.8436    0.9159    0.9555    0.6361     0.056   0.04076   0.02052
    22/299     7.42G   0.03538   0.02343   0.01191   0.07072        42       640    0.9217    0.9439    0.9609    0.6289   0.05776   0.04137   0.01926
    23/299     7.42G   0.03599   0.02284     0.011   0.06983        46       640       0.9    0.9551     0.965    0.6625   0.05882   0.04195   0.01833
    24/299     7.42G   0.03367   0.02295   0.01032   0.06693        78       640    0.9692    0.9542    0.9693    0.6711   0.04859   0.04361   0.01794
    25/299     7.42G   0.03269   0.02042  0.009347   0.06246        41       640     0.956    0.9605    0.9708     0.683   0.05321   0.04428   0.01679
    26/299     7.42G   0.03146   0.01778  0.008586   0.05782        59       640    0.9726    0.9705    0.9749    0.7041   0.05026   0.04451    0.0162
    27/299     7.42G   0.03272   0.02212  0.007926   0.06277        30       640    0.9777    0.9609    0.9731     0.677   0.05066   0.04573   0.01552
    28/299     7.42G   0.03048   0.02012  0.007287   0.05789        76       640    0.9795    0.9793    0.9735    0.6786   0.04981   0.04594   0.01504
    29/299     7.42G   0.03052   0.02008  0.006555   0.05715        63       640     0.978    0.9779    0.9756    0.6867   0.04738   0.04909   0.01457
    30/299     7.42G   0.03128   0.02203  0.007193    0.0605        18       640    0.9751    0.9752    0.9746    0.7008   0.05063    0.0487   0.01435
    31/299     7.42G   0.03199    0.0209  0.006193   0.05909        83       640    0.9741    0.9748    0.9743     0.679   0.04644   0.05178   0.01411
    32/299     7.42G   0.03055   0.02061  0.006445    0.0576       105       640    0.9815    0.9786    0.9753    0.6975   0.04702   0.04758   0.01437
    33/299     7.42G   0.02956   0.01888  0.005689   0.05413        86       640    0.9744    0.9768    0.9723    0.6529   0.05007   0.04877   0.01361
    34/299     7.42G   0.02986    0.0194  0.004916   0.05417        49       640    0.9762    0.9799    0.9744    0.6607   0.04748    0.0503   0.01345
    35/299     7.42G   0.03042   0.02057   0.00551    0.0565        39       640    0.9763    0.9761    0.9748    0.6942   0.04492   0.05157   0.01375
    36/299     7.42G    0.0267   0.02002  0.005163   0.05188       155       640    0.9748    0.9775     0.974    0.7044   0.04835   0.05093   0.01301
    37/299     7.42G   0.02895   0.01876  0.004674   0.05238        35       640    0.9796    0.9796    0.9764    0.7037   0.04858   0.05268   0.01282
    38/299     7.42G   0.02754   0.02052  0.004937     0.053        98       640     0.979    0.9812     0.977    0.7154   0.04327   0.05232   0.01316
    39/299     7.42G   0.02894   0.01898  0.004842   0.05276        59       640    0.9789    0.9807    0.9763    0.7162   0.04359   0.05124    0.0125
    40/299     7.42G   0.02849   0.01868   0.00449   0.05166       115       640    0.9764    0.9805    0.9769    0.7065   0.04382   0.05123   0.01256
    41/299     7.42G   0.02974   0.01927  0.004119   0.05313       135       640    0.9788    0.9794    0.9753    0.7173   0.04371   0.05324   0.01216
    42/299     7.42G   0.02663   0.01896   0.00365   0.04924       116       640     0.979      0.98    0.9761     0.717    0.0424   0.05229   0.01176
    43/299     7.42G   0.02732   0.01761  0.004076     0.049        43       640    0.9801    0.9815    0.9766    0.7018   0.04255   0.05142   0.01189
    44/299     7.42G   0.02643   0.01941  0.003841   0.04969        56       640    0.9805    0.9756    0.9773    0.7137   0.04345   0.05108   0.01245
    45/299     7.42G   0.02684   0.01812  0.003492   0.04846       109       640    0.9791    0.9822    0.9755    0.7142   0.04356   0.05324   0.01168
    46/299     7.42G   0.02701   0.01872  0.003643   0.04938        74       640    0.9784    0.9806    0.9756    0.7125   0.04519   0.05165   0.01197
    47/299     7.42G    0.0262   0.01924  0.003754    0.0492        78       640    0.9769     0.981    0.9758    0.7348   0.04268   0.05254   0.01223
    48/299     7.42G   0.02677   0.01772  0.004682   0.04916       104       640    0.9767    0.9817    0.9798    0.7323   0.04457   0.05209   0.01212
    49/299     7.42G   0.02613    0.0184   0.00418   0.04871        70       640    0.9795    0.9815    0.9813     0.722   0.04364    0.0521   0.01239
    50/299     7.42G   0.02695   0.01794  0.003558   0.04844       103       640    0.9788    0.9807    0.9799    0.7341   0.04341   0.05113   0.01181
    51/299     7.42G     0.026   0.01886  0.003588   0.04845        70       640    0.9782    0.9819    0.9798    0.7378   0.04218   0.05284    0.0114
    52/299     7.42G   0.02558   0.01733  0.003762   0.04667        50       640     0.977    0.9828    0.9781    0.7258   0.04603   0.05068   0.01137
    53/299     7.42G   0.02609   0.01789  0.003745   0.04773        30       640    0.9789    0.9825    0.9766    0.7433   0.04108   0.05277   0.01179
    54/299     7.42G   0.02612   0.01684  0.003298   0.04625        87       640    0.9794    0.9796    0.9792    0.7427   0.04178   0.05372   0.01209
    55/299     7.42G   0.02621   0.01788  0.003289   0.04738        51       640    0.9777    0.9806    0.9814    0.7416   0.04087   0.05594   0.01177
    56/299     7.42G   0.02627   0.01712  0.003533   0.04693        61       640    0.9777    0.9819    0.9815    0.7475   0.04115   0.05302   0.01156
    57/299     7.42G   0.02429   0.01747  0.003042    0.0448        96       640    0.9532    0.9786    0.9817    0.7472     0.046   0.05118   0.01141
    58/299     7.42G   0.02649   0.01704  0.002797   0.04633        60       640    0.9792    0.9825     0.978    0.7478   0.04231   0.05455    0.0115
    59/299     7.42G   0.02485   0.01669  0.003492   0.04504        41       640    0.9787    0.9825    0.9762     0.764   0.04005    0.0536    0.0117
    60/299     7.42G   0.02469   0.01807  0.003496   0.04625        75       640    0.9802    0.9817    0.9783    0.7548   0.04037   0.05423   0.01119
    61/299     7.42G   0.02528   0.01834  0.003122   0.04674        68       640    0.9774    0.9817    0.9814    0.7412   0.04093   0.05591    0.0113
    62/299     7.42G   0.02408   0.01688  0.002941   0.04389        80       640    0.9762    0.9822    0.9852    0.7591   0.03918   0.05533   0.01129
    63/299     7.42G   0.02564   0.01896  0.003257   0.04786        60       640    0.9793    0.9799    0.9843    0.7448   0.04013   0.05356   0.01125
    64/299     7.42G   0.02528   0.01747  0.002519   0.04527        70       640    0.9785    0.9815    0.9826    0.7541   0.03998   0.05621   0.01154
    65/299     7.42G   0.02467    0.0176  0.003274   0.04554        79       640    0.9766    0.9819    0.9828    0.7531   0.04019   0.05679   0.01134
    66/299     7.42G    0.0241   0.01724   0.00357   0.04491        42       640    0.9786    0.9828    0.9829    0.7648   0.03738    0.0552   0.01168
    67/299     7.42G    0.0248   0.01853  0.002972    0.0463        40       640    0.9808    0.9808    0.9828    0.7549   0.03935   0.05537   0.01124
    68/299     7.42G   0.02368   0.01703   0.00317   0.04388       101       640    0.9793    0.9826    0.9835    0.7624   0.03848   0.05684   0.01162
    69/299     7.42G   0.02442   0.01798  0.003001    0.0454        56       640    0.9781    0.9826    0.9845    0.7682   0.03912    0.0566    0.0117
    70/299     7.42G   0.02362   0.01765  0.003625    0.0449       103       640    0.9777    0.9801    0.9839    0.7663    0.0382   0.05584   0.01214
    71/299     7.42G   0.02433   0.01711  0.003161    0.0446        51       640    0.9782    0.9794    0.9855    0.7593    0.0395    0.0554   0.01156
    72/299     7.42G   0.02474   0.01702  0.002642    0.0444       149       640    0.9777    0.9815    0.9856    0.7531   0.03932   0.05689   0.01138
    73/299     7.42G   0.02355   0.01732  0.003009   0.04388        73       640    0.9793    0.9809    0.9859    0.7619   0.03857   0.05631   0.01123
    74/299     7.42G   0.02399   0.01661  0.002418   0.04302        65       640    0.9778    0.9808    0.9836    0.7683   0.04077   0.05685   0.01127
    75/299     7.42G   0.02306   0.01629  0.002888   0.04224        56       640    0.9793    0.9791    0.9816    0.7683   0.03822    0.0567   0.01129
    76/299     7.42G   0.02425   0.01756  0.003372   0.04518        43       640    0.9773    0.9825    0.9829    0.7594   0.03797    0.0563   0.01172
    77/299     7.42G   0.02369   0.01657  0.002703   0.04297        66       640     0.976    0.9836     0.984    0.7725   0.03798   0.05647   0.01176
    78/299     7.42G   0.02202   0.01687   0.00263   0.04151        64       640     0.981    0.9818    0.9821    0.7623   0.03742   0.05658   0.01164
    79/299     7.42G   0.02314   0.01584  0.002836   0.04181        72       640     0.979    0.9824    0.9812    0.7534   0.03789   0.05727   0.01136
    80/299     7.42G   0.02491   0.01738  0.002691   0.04498        30       640    0.9763    0.9815    0.9832    0.7661   0.03705   0.06055   0.01213
    81/299     7.42G   0.02288   0.01594  0.002493   0.04131       111       640    0.9792    0.9831    0.9843    0.7744    0.0363    0.0589   0.01172
    82/299     7.42G   0.02436   0.01762  0.002565   0.04454        64       640    0.9788    0.9806    0.9854    0.7739   0.03891   0.05952   0.01173
    83/299     7.42G   0.02416   0.01669  0.002612   0.04346        85       640    0.9749    0.9777    0.9845     0.746   0.03887   0.05925   0.01165
    84/299     7.42G   0.02326   0.01695  0.002625   0.04283        55       640    0.9744    0.9796    0.9828    0.7702   0.03792   0.05861    0.0114
    85/299     7.42G    0.0231   0.01633  0.002092   0.04152        85       640    0.9764    0.9813    0.9847    0.7667   0.03735   0.06032   0.01135
    86/299     7.42G   0.02245   0.01701  0.002653   0.04211        24       640    0.9773    0.9812    0.9846    0.7703   0.03749   0.05923   0.01117
    87/299     7.42G   0.02217   0.01639  0.002364   0.04093        83       640    0.9772    0.9827    0.9842    0.7715   0.03959   0.05849   0.01144
    88/299     7.42G   0.02309   0.01739  0.002394   0.04288        81       640    0.9773    0.9815    0.9844    0.7713   0.03707   0.05941    0.0116
    89/299     7.42G   0.02344   0.01681  0.002339    0.0426        32       640    0.9811    0.9788    0.9853    0.7702   0.03866   0.05891   0.01102
    90/299     7.42G   0.02302    0.0167  0.002927   0.04264        20       640    0.9766     0.982    0.9846    0.7804   0.03758   0.05808   0.01084
    91/299     7.42G   0.02321    0.0181  0.002687   0.04399        56       640    0.9775    0.9828    0.9854    0.7835   0.03715   0.05829   0.01117
    92/299     7.42G   0.02243   0.01699  0.002256   0.04167        26       640    0.9789    0.9818    0.9873    0.7746    0.0395   0.05605   0.01108
    93/299     7.42G   0.02343   0.01601  0.002192   0.04163        71       640    0.9774    0.9818     0.986    0.7801    0.0363   0.05987   0.01127
    94/299     7.42G    0.0225   0.01754  0.002436   0.04247        59       640    0.9798    0.9807    0.9862    0.7817   0.03677   0.05845   0.01105
    95/299     7.42G   0.02072   0.01575  0.002552   0.03901        29       640    0.9799    0.9788    0.9868    0.7915   0.03594   0.05766   0.01076
    96/299     7.42G   0.02324   0.01633  0.002341   0.04191        34       640    0.9733     0.976    0.9819    0.7837   0.03645   0.05756   0.01078
    97/299     7.42G   0.02235   0.01639  0.002588   0.04132        23       640    0.9697     0.978     0.983    0.7833   0.03689   0.05864   0.01115
    98/299     7.42G   0.02196   0.01655  0.002497     0.041       102       640    0.9791     0.982    0.9841    0.7867   0.03666   0.05886    0.0112
    99/299     7.42G   0.02239   0.01653  0.002872   0.04178       110       640    0.9761    0.9819    0.9825    0.7695   0.03754   0.05802   0.01134
   100/299     7.42G   0.02216   0.01651  0.002087   0.04077        88       640    0.9773    0.9821    0.9826    0.7792   0.03743   0.05832   0.01064
   101/299     7.42G   0.02215   0.01787  0.002324   0.04234        36       640    0.9804    0.9801    0.9863    0.7809    0.0376   0.05906    0.0103
   102/299     7.42G   0.02173   0.01581  0.002138   0.03967       128       640    0.9734    0.9792    0.9877    0.7899   0.03703   0.05844   0.01033
   103/299     7.42G   0.02163   0.01628  0.002844   0.04075        80       640    0.9729     0.979    0.9865    0.7919   0.03774   0.05908   0.01103
   104/299     7.42G     0.022   0.01502  0.002171   0.03919        23       640    0.9806    0.9782    0.9864    0.7806   0.03889   0.06008    0.0112
   105/299     7.42G   0.02189   0.01634  0.002408   0.04064       137       640    0.9772    0.9783    0.9869    0.7897   0.03864   0.05809   0.01056
   106/299     7.42G   0.02169   0.01728  0.001939    0.0409        58       640    0.9749     0.981    0.9861    0.7895    0.0371   0.05825   0.01039
   107/299     7.42G   0.02141   0.01635  0.002345    0.0401       129       640    0.9769    0.9769    0.9852    0.7964   0.03646   0.05778   0.01071
   108/299     7.42G   0.02188   0.01567  0.002099   0.03965        30       640    0.9796    0.9769    0.9855    0.7825   0.03637   0.05732    0.0104
   109/299     7.42G   0.02155   0.01613  0.002105   0.03978        87       640    0.9763    0.9819     0.985    0.7855   0.03641   0.05537   0.01021
   110/299     7.42G   0.02148    0.0164  0.002057   0.03994       144       640    0.9805    0.9789    0.9873    0.7854   0.03764   0.05613   0.01033
   111/299     7.42G   0.02187   0.01711  0.002085   0.04107         9       640    0.9768    0.9816    0.9867    0.7862   0.03564   0.05839   0.01029
   112/299     7.42G   0.02162   0.01636  0.001983   0.03997        78       640     0.978    0.9766    0.9848    0.7886   0.03639   0.05952   0.01048
   113/299     7.42G   0.02081   0.01642  0.002008   0.03924       100       640    0.9767    0.9805    0.9851     0.796   0.03479   0.06105    0.0106
   114/299     7.42G   0.02054   0.01592  0.002195   0.03866        91       640    0.9721    0.9794    0.9856    0.7895   0.03495   0.06122   0.01119
   115/299     7.42G   0.02032   0.01669  0.002423   0.03944        40       640    0.9746    0.9787    0.9858     0.792    0.0348   0.05964   0.01084
   116/299     7.42G   0.02026   0.01698  0.002009   0.03924        72       640     0.982     0.971    0.9858    0.7907   0.03465   0.05987   0.01049
   117/299     7.42G   0.02112   0.01695  0.002204   0.04028        42       640    0.9722    0.9809    0.9853     0.792   0.03485    0.0595   0.01044
   118/299     7.42G   0.02104   0.01556  0.002567   0.03916        61       640    0.9769    0.9811    0.9862    0.7984   0.03533   0.05914   0.01052
   119/299     7.42G   0.02142   0.01664  0.002408   0.04047       129       640    0.9752     0.981    0.9868    0.7813   0.03729   0.05815   0.01058
   120/299     7.42G   0.02204   0.01512   0.00213    0.0393        47       640    0.9709    0.9794    0.9853    0.7946   0.03642   0.05902   0.01053
   121/299     7.42G   0.02056   0.01483  0.002134   0.03751        69       640    0.9772     0.975    0.9858    0.7973   0.03593   0.05991   0.01032
   122/299     7.42G   0.02116   0.01529  0.002038    0.0385         7       640     0.978      0.98    0.9858    0.7943   0.03474   0.06004   0.01014
   123/299     7.42G   0.02159   0.01543  0.001823   0.03885        33       640    0.9801    0.9763    0.9854    0.7952   0.03552   0.05987   0.01008
   124/299     7.42G   0.02024   0.01567  0.001868   0.03778        38       640    0.9761    0.9753    0.9885    0.8028   0.03513   0.05911   0.01003
   125/299     7.42G   0.02052   0.01529  0.001576   0.03738        39       640    0.9726    0.9779    0.9874       0.8   0.03482   0.05941   0.01003
   126/299     7.42G   0.01955   0.01412   0.00159   0.03526        91       640     0.973      0.97    0.9875    0.7984   0.03535    0.0588   0.01028
   127/299     7.42G   0.02082   0.01653  0.001763   0.03912        79       640    0.9761    0.9677    0.9876    0.8036   0.03481   0.05854   0.00995
   128/299     7.42G   0.02133   0.01539  0.001732   0.03845        48       640    0.9729    0.9793    0.9862       0.8   0.03537   0.05883  0.009519
   129/299     7.42G    0.0197   0.01723  0.001872    0.0388         5       640    0.9759    0.9804    0.9879    0.8041   0.03546   0.05877  0.009479
   130/299     7.42G   0.02007   0.01549  0.001783   0.03734        94       640    0.9807    0.9781    0.9869    0.8014   0.03477   0.05888   0.00944
   131/299     7.42G   0.02021   0.01458  0.001774   0.03656        56       640    0.9745    0.9827    0.9874    0.8029   0.03427   0.05963  0.009491
   132/299     7.42G   0.01948   0.01522  0.001842   0.03655       104       640    0.9751    0.9787    0.9876    0.8051   0.03423   0.05799  0.009523
   133/299     7.42G   0.02021   0.01546  0.001739   0.03741        34       640     0.973    0.9836     0.987    0.8022   0.03373   0.05807  0.009346
   134/299     7.42G   0.01981   0.01691  0.001949   0.03866       132       640    0.9728    0.9834    0.9866    0.8051   0.03379    0.0567  0.009113
   135/299     7.42G   0.01954    0.0159  0.001585   0.03703        94       640    0.9739    0.9806    0.9871    0.7973   0.03505   0.05641   0.00918
   136/299     7.42G    0.0197   0.01431  0.001855   0.03587       132       640    0.9726    0.9801    0.9883    0.8039   0.03467   0.05931  0.009235
   137/299     7.42G   0.02018   0.01453  0.001938   0.03665       179       640    0.9764    0.9809    0.9882    0.8048   0.03431   0.06037  0.009223
   138/299     7.42G   0.01967   0.01575  0.001766   0.03719        24       640    0.9752    0.9807    0.9883    0.8076   0.03345    0.0606  0.009282
   139/299     7.42G   0.01993   0.01646  0.001712    0.0381        82       640    0.9792    0.9773    0.9878     0.793   0.03445   0.06021  0.009239
   140/299     7.42G   0.02017   0.01539  0.002006   0.03756        36       640    0.9763     0.981    0.9874    0.8049    0.0339   0.05922  0.009306
   141/299     7.42G    0.0189   0.01587  0.001777   0.03655        39       640    0.9793    0.9812    0.9879    0.7969   0.03502   0.05887  0.009017
   142/299     7.42G   0.01991   0.01525  0.001954   0.03712        20       640    0.9791    0.9784    0.9868    0.8015   0.03364    0.0592  0.009141
   143/299     7.42G   0.02029   0.01558  0.001872   0.03775       110       640    0.9806    0.9781    0.9881    0.8003   0.03453   0.06003  0.009046
   144/299     7.42G   0.01931   0.01568  0.001633   0.03663        95       640    0.9804    0.9796    0.9876    0.8032   0.03397   0.06114  0.008844
   145/299     7.42G   0.01968   0.01631  0.001853   0.03784        57       640    0.9798    0.9797    0.9876    0.8015   0.03425   0.05957  0.008727
   146/299     7.42G    0.0197   0.01559  0.001763   0.03705       170       640    0.9721    0.9863    0.9878       0.8   0.03415   0.05953  0.008638
   147/299     7.42G   0.01958   0.01443  0.001652   0.03566        84       640    0.9773    0.9825    0.9871    0.7944   0.03464   0.05877  0.008681
   148/299     7.43G   0.01942   0.01647  0.001397   0.03729        81       640     0.978    0.9845    0.9867    0.8021   0.03391    0.0602  0.008775
   149/299     7.43G   0.01948   0.01533   0.00158   0.03639        68       640    0.9771    0.9826    0.9871    0.8077   0.03362   0.06057  0.008746
   150/299     7.43G   0.01918   0.01353  0.001765   0.03447        47       640    0.9783    0.9807    0.9877    0.8065   0.03369   0.06065  0.008785
   151/299     7.43G   0.01887   0.01436  0.001612   0.03484       102       640    0.9786    0.9806    0.9872    0.8075   0.03307   0.05974  0.008678
   152/299     7.43G   0.01934   0.01696  0.001983   0.03828        49       640    0.9774    0.9817    0.9854    0.8057   0.03349   0.05742  0.008756
   153/299     7.43G   0.01946   0.01534  0.001641   0.03644        55       640    0.9798    0.9789    0.9867    0.8104   0.03363   0.05904   0.00886
   154/299     7.43G   0.01906   0.01407  0.001587   0.03472        26       640    0.9788    0.9771    0.9865     0.803   0.03387   0.06014  0.008862
   155/299     7.43G   0.01935   0.01382  0.001613   0.03478        43       640    0.9758    0.9836    0.9866     0.792   0.03566   0.05924  0.008781
   156/299     7.43G   0.01948   0.01477  0.001773   0.03601       145       640    0.9794    0.9817    0.9881    0.8103   0.03341   0.05895  0.008529
   157/299     7.43G   0.01909   0.01396  0.001497   0.03455        67       640     0.978    0.9842    0.9855    0.8015   0.03521   0.05752  0.008488
   158/299     7.43G   0.01862   0.01578   0.00141   0.03581        83       640    0.9746    0.9858    0.9883    0.8092   0.03406   0.05993  0.008498
   159/299     7.43G   0.01837   0.01389   0.00159   0.03385       112       640    0.9828    0.9781    0.9889    0.8078    0.0342   0.06164  0.008539
   160/299     7.43G   0.01893   0.01412  0.001721   0.03477        49       640    0.9753    0.9862    0.9888    0.8099   0.03363   0.06039  0.008525
   161/299     7.43G   0.01866   0.01553  0.001654   0.03585        74       640     0.975    0.9846    0.9884    0.8038   0.03398   0.05883  0.008472
   162/299     7.43G    0.0186   0.01471   0.00138   0.03469        17       640    0.9809    0.9833    0.9894    0.8056    0.0339   0.05931   0.00835
   163/299     7.43G   0.01917   0.01557  0.001659    0.0364        70       640    0.9811    0.9798    0.9856    0.7996   0.03379   0.06024  0.008485
   164/299     7.43G   0.01827   0.01459   0.00161   0.03447        86       640    0.9791    0.9841    0.9861    0.8082   0.03365   0.06078  0.008525
   165/299     7.43G    0.0187   0.01463  0.001548   0.03488        55       640    0.9788    0.9822    0.9874    0.8094   0.03299   0.05988  0.008639
   166/299     7.43G   0.01806   0.01599  0.001499   0.03555        92       640    0.9761    0.9848    0.9889    0.8143   0.03267   0.05975  0.008539
   167/299     7.43G   0.01864   0.01391  0.001556    0.0341        79       640    0.9843     0.976    0.9899    0.8122   0.03247   0.06027  0.008529
   168/299     7.43G   0.01904   0.01479  0.001435   0.03526        77       640     0.982     0.978    0.9897    0.8094   0.03309   0.06031  0.008586
   169/299     7.43G   0.01872   0.01524  0.001557   0.03551        28       640    0.9788    0.9779    0.9881    0.8116     0.033   0.06039  0.008506
   170/299     7.43G   0.01781   0.01474  0.001363   0.03392       182       640     0.973    0.9818    0.9878    0.8123   0.03226   0.06116  0.008591
   171/299     7.43G   0.01881   0.01529  0.001496    0.0356        89       640    0.9818    0.9752     0.988    0.8103   0.03296    0.0621  0.008645
   172/299     7.43G   0.01813   0.01496  0.001607   0.03469        67       640    0.9778    0.9788    0.9888    0.8063   0.03239   0.06118  0.008544
   173/299     7.43G   0.01784    0.0151   0.00153   0.03447        48       640    0.9771    0.9791    0.9898    0.8115   0.03238   0.05976  0.008524
   174/299     7.43G   0.01821   0.01453  0.001435   0.03418        48       640    0.9764    0.9831    0.9873    0.8099   0.03257   0.06091  0.008414
   175/299     7.43G   0.01827   0.01471   0.00149   0.03447        90       640    0.9786    0.9823    0.9863    0.8081   0.03262   0.06189   0.00852
   176/299     7.43G   0.01787   0.01653  0.001563   0.03596        87       640    0.9799    0.9794    0.9857    0.8134   0.03201   0.06152  0.008577
   177/299     7.43G   0.01751   0.01443   0.00156   0.03349       132       640     0.978    0.9793    0.9851    0.8101   0.03227   0.05999  0.008528
   178/299     7.43G   0.01754   0.01496  0.001226   0.03372        46       640    0.9751    0.9854    0.9848    0.8132   0.03164   0.05956  0.008429
   179/299     7.43G   0.01767   0.01498  0.001403   0.03406        45       640    0.9763    0.9823    0.9861    0.8115   0.03222   0.05965   0.00827
   180/299     7.43G   0.01749   0.01508   0.00134   0.03392       134       640    0.9751    0.9817    0.9852    0.8081   0.03194   0.05996  0.008277
   181/299     7.43G   0.01818   0.01554  0.001458   0.03518        52       640    0.9781    0.9792    0.9867    0.8105   0.03181   0.06124   0.00838
   182/299     7.43G   0.01707   0.01331   0.00132    0.0317        29       640    0.9756    0.9831    0.9881    0.8142   0.03177    0.0616  0.008269
   183/299     7.43G   0.01786   0.01424  0.001557   0.03365       163       640    0.9763    0.9801    0.9871    0.8156   0.03182   0.06078   0.00835
   184/299     7.43G   0.01732   0.01569  0.001568   0.03457        70       640    0.9688    0.9902    0.9879    0.8137   0.03187   0.05912  0.008271
   185/299     7.43G   0.01697   0.01419  0.001179   0.03234        57       640    0.9804     0.982     0.988    0.8144   0.03215   0.05971  0.008178
   186/299     7.43G   0.01775   0.01474  0.001504   0.03399        38       640    0.9746    0.9856    0.9886    0.8155   0.03228   0.05984  0.008322
   187/299     7.43G   0.01714   0.01341  0.001098   0.03165        73       640    0.9759    0.9841    0.9891    0.8152   0.03201   0.05952  0.008142
   188/299     7.43G   0.01766   0.01371  0.001272   0.03264        23       640    0.9775    0.9819    0.9884    0.8188   0.03182   0.05922  0.008097
   189/299     7.43G   0.01745   0.01366  0.001247   0.03235        64       640    0.9792    0.9817    0.9901    0.8177   0.03178   0.06016  0.007966
   190/299     7.43G   0.01676   0.01376   0.00122   0.03173        59       640    0.9786    0.9862    0.9889    0.8139   0.03185   0.06018   0.00789
   191/299     7.43G   0.01747   0.01427  0.001247   0.03299        89       640    0.9834     0.982    0.9882    0.8202   0.03165   0.05985  0.007872
   192/299     7.43G   0.01736   0.01432  0.001512   0.03319        35       640    0.9832    0.9793    0.9883    0.8192   0.03156   0.06002  0.007946
   193/299     7.43G   0.01669   0.01404  0.001181   0.03191        53       640    0.9782    0.9854    0.9896    0.8174   0.03156   0.06039  0.008115
   194/299     7.43G   0.01659    0.0148  0.001022   0.03241        22       640    0.9783    0.9844    0.9865    0.8164   0.03111   0.06009  0.008164
   195/299     7.43G   0.01673    0.0152  0.001295   0.03322       122       640    0.9791    0.9824    0.9851    0.8173   0.03103   0.06039  0.008147
   196/299     7.43G   0.01717    0.0142  0.001329    0.0327        26       640      0.98    0.9801    0.9854    0.8182   0.03128   0.06104  0.008326
   197/299     7.43G   0.01648    0.0146  0.001282   0.03236        35       640    0.9806    0.9786    0.9861    0.8212   0.03138    0.0608  0.008292
   198/299     7.43G   0.01715   0.01362  0.001221   0.03199        12       640    0.9805    0.9773    0.9864    0.8165   0.03174   0.05995   0.00818
   199/299     7.43G    0.0167   0.01372  0.001163   0.03158       167       640      0.98     0.978    0.9881    0.8189    0.0317   0.05929  0.008195
   200/299     7.43G   0.01686   0.01495  0.001126   0.03293       128       640    0.9799    0.9793    0.9894    0.8211   0.03141   0.06004  0.008172
   201/299     7.43G   0.01664   0.01501  0.001368   0.03301       111       640    0.9799     0.981    0.9895    0.8259   0.03125   0.06038  0.008065
   202/299     7.43G   0.01717   0.01434  0.001391    0.0329        60       640    0.9739    0.9832    0.9907    0.8278   0.03159   0.06017  0.007968
   203/299     7.43G   0.01658    0.0139  0.001173   0.03166       103       640     0.976    0.9825    0.9891    0.8263   0.03125   0.05966  0.007887
   204/299     7.43G   0.01633   0.01342 0.0009874   0.03073        80       640    0.9752    0.9842    0.9869    0.8247   0.03144   0.05922  0.007859
   205/299     7.43G   0.01666   0.01438  0.001085   0.03213       146       640    0.9743    0.9868    0.9875    0.8232   0.03141   0.05959  0.007926
   206/299     7.43G   0.01644   0.01349  0.001179    0.0311        51       640    0.9811     0.982     0.986    0.8256   0.03109   0.06001   0.00789
   207/299     7.43G   0.01651   0.01418  0.001045   0.03173        76       640    0.9815    0.9776    0.9862    0.8237   0.03127   0.05963  0.007946
   208/299     7.43G   0.01688   0.01369  0.001148   0.03172        86       640    0.9708    0.9881    0.9881    0.8283    0.0312   0.06144  0.007965
   209/299     7.43G   0.01609    0.0138   0.00127   0.03116        45       640    0.9765    0.9822    0.9869    0.8256   0.03109   0.06225  0.008024
   210/299     7.43G    0.0162   0.01478  0.001089   0.03207        72       640     0.978    0.9829    0.9873    0.8237   0.03095   0.06109  0.008055
   211/299     7.43G   0.01644   0.01386  0.001145   0.03144        89       640     0.977    0.9836    0.9871    0.8208   0.03117   0.06054  0.007938
   212/299     7.43G   0.01642    0.0139   0.00092   0.03123       103       640    0.9756    0.9843    0.9869    0.8266     0.031   0.06046  0.007866
   213/299     7.43G   0.01608   0.01383  0.001142   0.03105        50       640    0.9763    0.9836    0.9859    0.8237   0.03092   0.05993  0.007847
   214/299     7.43G   0.01621   0.01352  0.001049   0.03078        50       640    0.9772    0.9852    0.9869    0.8243   0.03076   0.06046  0.007814
   215/299     7.43G   0.01604   0.01362 0.0009482   0.03061        66       640     0.979    0.9831    0.9874    0.8243   0.03077   0.06081   0.00781
   216/299     7.43G   0.01614   0.01456  0.001378   0.03208        57       640    0.9818    0.9774    0.9902    0.8246   0.03088   0.06097  0.007951
   217/299     7.43G   0.01592   0.01265  0.001089   0.02966        93       640    0.9791    0.9807    0.9892    0.8202   0.03109   0.06104  0.007942
   218/299     7.43G   0.01598   0.01432  0.001094    0.0314        49       640    0.9794    0.9799    0.9871    0.8256   0.03083   0.06113  0.007999
   219/299     7.43G   0.01612   0.01366 0.0009757   0.03076       122       640    0.9778    0.9814    0.9871    0.8237    0.0308    0.0617  0.007966
   220/299     7.43G   0.01599   0.01444 0.0009449   0.03138        71       640    0.9779    0.9793    0.9885    0.8256   0.03079   0.06063  0.007975
   221/299     7.43G   0.01636   0.01357  0.001166   0.03109        98       640     0.978    0.9782     0.987    0.8217   0.03071   0.06055  0.007926
   222/299     7.43G   0.01574   0.01379  0.001026   0.03055        16       640    0.9796    0.9794    0.9872    0.8245    0.0308   0.06046   0.00782
   223/299     7.43G   0.01595   0.01406  0.001022   0.03103        79       640    0.9761    0.9852    0.9875     0.827   0.03095   0.05979  0.007751
   224/299     7.43G    0.0161    0.0138  0.001073   0.03098       116       640    0.9817    0.9798    0.9875     0.824   0.03094   0.06051   0.00779
   225/299     7.43G   0.01594   0.01312  0.001035   0.03009        90       640    0.9831    0.9783    0.9858    0.8244   0.03072   0.06098  0.007836
   226/299     7.43G   0.01601   0.01346  0.001243   0.03071        96       640    0.9784    0.9829     0.987    0.8252   0.03052   0.06105  0.007755
   227/299     7.43G   0.01584   0.01555 0.0009899   0.03239        51       640    0.9747    0.9822    0.9882    0.8287    0.0306   0.06079  0.007834
   228/299     7.43G   0.01585   0.01329  0.001098   0.03024        33       640    0.9834    0.9731    0.9879    0.8293   0.03035   0.06126  0.007787
   229/299     7.43G    0.0157   0.01409  0.001109    0.0309        80       640    0.9809    0.9738    0.9875    0.8256    0.0305    0.0612  0.007776
   230/299     7.43G   0.01538     0.013  0.001051   0.02943       125       640    0.9808    0.9751    0.9876    0.8255   0.03042   0.06143  0.007786
   231/299     7.43G   0.01558   0.01419 0.0008996   0.03068       131       640    0.9813    0.9762     0.987    0.8222   0.03039    0.0612  0.007739
   232/299     7.43G   0.01525   0.01343 0.0009154   0.02959        82       640    0.9793    0.9783    0.9871    0.8233   0.03031   0.06077  0.007664
   233/299     7.43G   0.01557   0.01346 0.0009246   0.02996        53       640    0.9829    0.9724    0.9866    0.8237   0.03043   0.06059  0.007729
   234/299     7.43G   0.01574   0.01281  0.001124   0.02967        19       640    0.9811    0.9746    0.9871    0.8223   0.03031   0.06103  0.007721
   235/299     7.43G   0.01604   0.01324  0.001017    0.0303       119       640    0.9766    0.9831     0.987    0.8244   0.03023   0.06131  0.007664
   236/299     7.43G   0.01578   0.01433 0.0009428   0.03105       121       640    0.9769    0.9847    0.9872    0.8242    0.0304   0.06162  0.007671
   237/299     7.43G   0.01542    0.0134  0.001049   0.02987        91       640    0.9773    0.9831    0.9867    0.8241   0.03045   0.06144  0.007674
   238/299     7.43G   0.01608   0.01372 0.0009996    0.0308        27       640    0.9766    0.9824    0.9859    0.8242   0.03051    0.0608  0.007674
   239/299     7.43G   0.01539   0.01366 0.0009724   0.03002        91       640    0.9755    0.9812    0.9856    0.8261    0.0305   0.06088  0.007728
   240/299     7.43G   0.01538   0.01315 0.0009065   0.02944        23       640    0.9747    0.9813    0.9864    0.8305   0.03042   0.06093  0.007725
   241/299     7.43G   0.01554   0.01288  0.001054   0.02947        68       640    0.9776    0.9773    0.9865    0.8263   0.03042   0.06072  0.007721
   242/299     7.43G   0.01591   0.01405 0.0009648   0.03092        81       640    0.9704    0.9872    0.9869    0.8258   0.03045   0.06043  0.007679
   243/299     7.43G   0.01484   0.01283 0.0009545   0.02863        55       640    0.9746    0.9849    0.9859    0.8253    0.0304   0.06004  0.007587
   244/299     7.43G   0.01532   0.01353 0.0008583    0.0297        34       640    0.9764    0.9843    0.9863    0.8253   0.03048   0.06002  0.007509
   245/299     7.43G   0.01521   0.01348 0.0009642   0.02965        33       640    0.9762    0.9857    0.9865    0.8238   0.03055    0.0597  0.007542
   246/299     7.43G   0.01538   0.01277  0.000798   0.02896        31       640    0.9817    0.9772    0.9866    0.8254   0.03057    0.0599  0.007585
   247/299     7.43G   0.01534   0.01314  0.001043   0.02952        64       640    0.9737    0.9872    0.9872    0.8243   0.03046   0.06031  0.007544
   248/299     7.43G   0.01541   0.01216 0.0009239   0.02849        96       640     0.974     0.983    0.9874     0.829   0.03027   0.06035    0.0077
   249/299     7.43G   0.01541   0.01334  0.001146   0.02989        36       640    0.9671    0.9883    0.9874    0.8279   0.03031   0.06013  0.007802
   250/299     7.43G   0.01516   0.01436 0.0009718   0.03049        80       640    0.9729    0.9838    0.9878    0.8249   0.03049   0.06039  0.007666
   251/299     7.43G   0.01519   0.01319  0.001047   0.02943       142       640    0.9689    0.9906    0.9867    0.8247   0.03052   0.06028  0.007559
   252/299     7.43G   0.01543   0.01386  0.000908    0.0302        73       640    0.9712    0.9912    0.9868    0.8236   0.03046   0.06054  0.007545
   253/299     7.43G   0.01521   0.01386  0.001011   0.03008       117       640    0.9767    0.9847    0.9876    0.8253   0.03049    0.0603  0.007498
   254/299     7.43G   0.01529   0.01344 0.0009391   0.02968       159       640    0.9746    0.9859    0.9885    0.8252   0.03053   0.06037  0.007496
   255/299     7.43G   0.01546   0.01299 0.0008928   0.02935       151       640    0.9727    0.9873     0.989    0.8242    0.0306   0.06096  0.007509
   256/299     7.43G    0.0156   0.01306 0.0009167   0.02958        55       640    0.9729    0.9863    0.9888    0.8246   0.03079   0.06105  0.007522
   257/299     7.43G   0.01563   0.01366 0.0009741   0.03026        33       640    0.9736    0.9873    0.9875    0.8225   0.03064   0.06136  0.007574
   258/299     7.43G   0.01508   0.01392  0.001126   0.03013        61       640    0.9728    0.9897    0.9871    0.8275   0.03048   0.06161  0.007529
   259/299     7.43G   0.01522    0.0136 0.0009617   0.02978        15       640    0.9753    0.9863    0.9872     0.826   0.03053   0.06133  0.007509
   260/299     7.43G   0.01549   0.01288 0.0009976   0.02937        81       640    0.9716    0.9872    0.9877    0.8245   0.03052   0.06128  0.007552
   261/299     7.43G   0.01502   0.01325 0.0008928   0.02917        82       640     0.977    0.9823    0.9878    0.8252   0.03033   0.06112  0.007551
   262/299     7.43G   0.01527   0.01366 0.0009382   0.02987        27       640    0.9754    0.9834    0.9871    0.8266   0.03027   0.06127    0.0076
   263/299     7.43G   0.01497   0.01267 0.0009047   0.02855        62       640    0.9728    0.9869    0.9865    0.8273   0.03024   0.06128  0.007589
   264/299     7.43G    0.0151   0.01287 0.0007902   0.02877        66       640    0.9812    0.9785    0.9867    0.8245   0.03019   0.06137  0.007506
   265/299     7.43G   0.01533   0.01368 0.0008866    0.0299        76       640    0.9811    0.9798    0.9873    0.8265   0.03039    0.0612  0.007477
   266/299     7.43G   0.01535   0.01302 0.0009898   0.02936        81       640    0.9751     0.985    0.9872     0.826   0.03038   0.06097  0.007479
   267/299     7.43G   0.01512   0.01198 0.0009108   0.02801       114       640    0.9798    0.9816    0.9867    0.8267   0.03041   0.06081  0.007484
   268/299     7.43G   0.01534   0.01252  0.001012   0.02887        73       640    0.9817    0.9797    0.9865    0.8269   0.03049   0.06086  0.007469
   269/299     7.43G    0.0148   0.01286  0.001121   0.02878       100       640     0.974    0.9839    0.9874    0.8288   0.03035   0.06073  0.007482
   270/299     7.43G   0.01513   0.01337 0.0008286   0.02933        97       640    0.9713    0.9876    0.9887    0.8275   0.03035   0.06087  0.007492
   271/299     7.43G   0.01483   0.01309  0.000904   0.02882        39       640    0.9778    0.9813    0.9893    0.8302   0.03042   0.06069  0.007454
   272/299     7.43G   0.01492   0.01283 0.0009484    0.0287        60       640    0.9712    0.9872    0.9892    0.8307   0.03049    0.0606  0.007455
   273/299     7.43G   0.01471   0.01273 0.0007861   0.02823        60       640     0.971    0.9874    0.9892    0.8291   0.03047   0.06064   0.00748
   274/299     7.43G     0.015   0.01398 0.0008409   0.02982       120       640    0.9761    0.9823    0.9894    0.8295   0.03047   0.06056  0.007462
   275/299     7.43G    0.0149   0.01345 0.0008578   0.02921       128       640    0.9824    0.9741    0.9901    0.8291    0.0305   0.06054  0.007444
   276/299     7.43G   0.01494   0.01284 0.0009514   0.02873        82       640     0.976    0.9842    0.9901    0.8285   0.03053   0.06072  0.007387
   277/299     7.43G   0.01428   0.01238 0.0007125   0.02738       107       640    0.9695    0.9894    0.9899    0.8307   0.03058   0.06063  0.007409
   278/299     7.43G    0.0151   0.01467 0.0009367   0.03071        62       640    0.9712     0.987    0.9898      0.83   0.03058   0.06042   0.00745
   279/299     7.43G   0.01499   0.01363 0.0007984   0.02942        63       640    0.9743     0.984    0.9902    0.8307   0.03059   0.06026   0.00745
   280/299     7.43G   0.01478    0.0126 0.0008821   0.02825        66       640    0.9737    0.9858    0.9904    0.8329   0.03055   0.06024  0.007422
   281/299     7.43G   0.01486   0.01283 0.0008236   0.02851       116       640    0.9727    0.9863    0.9894    0.8324   0.03042   0.06031  0.007428
   282/299     7.43G   0.01525    0.0134  0.001136   0.02979        75       640    0.9755     0.984    0.9898    0.8308   0.03038    0.0604  0.007384
   283/299     7.43G   0.01468   0.01424 0.0007894   0.02971        34       640    0.9801    0.9795    0.9888     0.829   0.03026   0.06078  0.007382
   284/299     7.43G   0.01493   0.01272 0.0009335   0.02858        79       640    0.9833    0.9772    0.9889    0.8273   0.03043   0.06134  0.007362
   285/299     7.43G   0.01517   0.01244  0.001077   0.02869        79       640    0.9816    0.9769    0.9892    0.8285   0.03046   0.06178  0.007396
   286/299     7.43G    0.0149   0.01269 0.0009483   0.02855        71       640    0.9807    0.9774    0.9891    0.8282   0.03059   0.06182  0.007394
   287/299     7.43G   0.01486   0.01445 0.0009908    0.0303        58       640     0.982    0.9796     0.988     0.826   0.03044   0.06128  0.007394
   288/299     7.43G   0.01476   0.01359 0.0008603   0.02921        84       640    0.9819    0.9771    0.9885    0.8289   0.03026   0.06085  0.007385
   289/299     7.43G   0.01491   0.01391 0.0007706    0.0296        46       640    0.9828    0.9768    0.9894    0.8295   0.03022   0.06082  0.007306
   290/299     7.43G   0.01481   0.01267  0.000967   0.02845        34       640    0.9821    0.9766    0.9897    0.8316   0.03009   0.06096  0.007332
   291/299     7.43G   0.01459   0.01301 0.0008036   0.02841        39       640     0.978    0.9803    0.9889    0.8303   0.03009   0.06118   0.00736
   292/299     7.43G   0.01454   0.01259 0.0009548   0.02809        12       640    0.9804     0.979    0.9893    0.8314   0.03004   0.06139  0.007355
   293/299     7.43G   0.01479   0.01162 0.0007528   0.02717       119       640    0.9766    0.9818    0.9891    0.8272   0.03018   0.06145  0.007387
   294/299     7.43G   0.01476   0.01195 0.0008019   0.02751        50       640    0.9824    0.9771    0.9879    0.8274   0.03015   0.06107  0.007378
   295/299     7.43G   0.01478   0.01295 0.0008717   0.02861        61       640    0.9716    0.9868    0.9871    0.8289   0.03018   0.06088  0.007376
   296/299     7.43G   0.01461   0.01379    0.0009    0.0293        47       640    0.9792    0.9799     0.987    0.8289    0.0302   0.06096  0.007342
   297/299     7.43G   0.01433   0.01303 0.0007398   0.02811        78       640    0.9767     0.984    0.9883    0.8291   0.03011   0.06122  0.007323
   298/299     7.43G    0.0149   0.01449 0.0008065   0.03019        38       640     0.979    0.9814    0.9881    0.8293    0.0301   0.06103  0.007322
   299/299     7.43G   0.01415   0.01151 0.0007807   0.02645        91       640    0.9806    0.9809    0.9874    0.8262   0.03014   0.06111  0.007343
