10 0.2764423076923077 0.8329326923076923 0.057692307692307696 0.109375
7 0.44471153846153844 0.5685096153846154 0.06009615384615385 0.13942307692307693
8 0.1658653846153846 0.6935096153846154 0.07692307692307693 0.20552884615384615
11 0.3473557692307692 0.8497596153846154 0.0625 0.17908653846153846
12 0.4362980769230769 0.6586538461538461 0.06009615384615385 0.12860576923076922
9 0.4519230769230769 0.35096153846153844 0.0673076923076923 0.15625
10 0.25841346153846156 0.6634615384615384 0.056490384615384616 0.11778846153846154
10 0.3545673076923077 0.43990384615384615 0.05889423076923077 0.12259615384615384
6 0.2704326923076923 0.9302884615384616 0.057692307692307696 0.12740384615384615
3 0.24519230769230768 0.3545673076923077 0.06850961538461539 0.15865384615384615
2 0.7704326923076923 0.6995192307692307 0.0889423076923077 0.20552884615384615
4 0.5420673076923077 0.33533653846153844 0.056490384615384616 0.1201923076923077
4 0.5901442307692307 0.6490384615384616 0.04927884615384615 0.1141826923076923
4 0.6069711538461539 0.46033653846153844 0.056490384615384616 0.125