7 0.4411057692307692 0.5685096153846154 0.06129807692307692 0.1466346153846154
12 0.4362980769230769 0.6622596153846154 0.06610576923076923 0.13581730769230768
11 0.3473557692307692 0.8533653846153846 0.0673076923076923 0.18028846153846154
9 0.45552884615384615 0.35216346153846156 0.07572115384615384 0.1466346153846154
10 0.35697115384615385 0.4387019230769231 0.055288461538461536 0.12860576923076922
10 0.2776442307692308 0.8305288461538461 0.04927884615384615 0.10576923076923077
10 0.25841346153846156 0.6634615384615384 0.06129807692307692 0.1141826923076923
8 0.16346153846153846 0.6959134615384616 0.08052884615384616 0.21153846153846154
6 0.27283653846153844 0.9302884615384616 0.057692307692307696 0.12980769230769232
3 0.23677884615384615 0.359375 0.0829326923076923 0.1622596153846154
2 0.7704326923076923 0.6995192307692307 0.08413461538461539 0.20072115384615385
4 0.5889423076923077 0.6538461538461539 0.052884615384615384 0.11177884615384616
4 0.42908653846153844 0.46274038461538464 0.055288461538461536 0.11658653846153846
4 0.5420673076923077 0.33413461538461536 0.057692307692307696 0.1141826923076923