2 0.23076923076923078 0.6983173076923077 0.08413461538461539 0.20192307692307693
12 0.5661057692307693 0.6622596153846154 0.06490384615384616 0.13701923076923078
9 0.6478365384615384 0.5745192307692307 0.06490384615384616 0.14783653846153846
7 0.5576923076923077 0.5685096153846154 0.05889423076923077 0.15625
11 0.6526442307692307 0.8545673076923077 0.0673076923076923 0.1778846153846154
8 0.8329326923076923 0.6971153846153846 0.07932692307692307 0.21394230769230768
10 0.7259615384615384 0.8317307692307693 0.057692307692307696 0.10576923076923077
10 0.7403846153846154 0.6610576923076923 0.055288461538461536 0.1141826923076923
10 0.6454326923076923 0.4387019230769231 0.056490384615384616 0.1201923076923077
6 0.7283653846153846 0.9290865384615384 0.0625 0.13221153846153846
4 0.40865384615384615 0.6538461538461539 0.052884615384615384 0.11778846153846154
4 0.5709134615384616 0.4579326923076923 0.057692307692307696 0.109375
4 0.4567307692307692 0.33413461538461536 0.06009615384615385 0.11899038461538461