5 0.21754807692307693 0.7043269230769231 0.0673076923076923 0.15384615384615385
2 0.21153846153846154 0.6310096153846154 0.06971153846153846 0.18629807692307693
1 0.29086538461538464 0.38461538461538464 0.054086538461538464 0.13822115384615385
1 0.24879807692307693 0.7896634615384616 0.05048076923076923 0.1346153846153846
12 0.1622596153846154 0.2668269230769231 0.07211538461538461 0.13822115384615385
12 0.25961538461538464 0.9314903846153846 0.04807692307692308 0.11658653846153846
3 0.5588942307692307 0.6057692307692307 0.056490384615384616 0.12980769230769232
3 0.40865384615384615 0.8689903846153846 0.046875 0.1310096153846154
4 0.33533653846153844 0.8533653846153846 0.039663461538461536 0.08413461538461539
4 0.3425480769230769 0.9399038461538461 0.042067307692307696 0.09615384615384616
4 0.29086538461538464 0.49158653846153844 0.046875 0.0985576923076923
4 0.30288461538461536 0.5973557692307693 0.046875 0.10096153846153846
4 0.32572115384615385 0.7740384615384616 0.042067307692307696 0.10096153846153846
4 0.484375 0.6983173076923077 0.039663461538461536 0.1045673076923077
4 0.38461538461538464 0.38341346153846156 0.04927884615384615 0.10817307692307693
4 0.3557692307692308 0.2608173076923077 0.052884615384615384 0.1141826923076923
12 0.7932692307692307 0.9471153846153846 0.052884615384615384 0.10576923076923077
12 0.7463942307692307 0.25841346153846156 0.06610576923076923 0.13221153846153846
8 0.828125 0.6370192307692307 0.0733173076923077 0.19591346153846154
11 0.8149038461538461 0.7223557692307693 0.07211538461538461 0.16706730769230768
7 0.8401442307692307 0.5108173076923077 0.06129807692307692 0.13822115384615385
7 0.6382211538461539 0.9459134615384616 0.05048076923076923 0.10817307692307693
9 0.6358173076923077 0.8028846153846154 0.055288461538461536 0.13341346153846154
9 0.8317307692307693 0.39903846153846156 0.07091346153846154 0.13822115384615385
10 0.5516826923076923 0.2644230769230769 0.052884615384615384 0.10697115384615384
10 0.7355769230769231 0.49038461538461536 0.046875 0.0985576923076923
10 0.7367788461538461 0.3858173076923077 0.056490384615384616 0.10576923076923077
10 0.7247596153846154 0.5901442307692307 0.046875 0.10336538461538461
10 0.5625 0.6983173076923077 0.04326923076923077 0.09735576923076923
10 0.5709134615384616 0.8581730769230769 0.04326923076923077 0.09375
10 0.71875 0.7788461538461539 0.04326923076923077 0.10216346153846154
10 0.7151442307692307 0.9399038461538461 0.04447115384615385 0.10216346153846154