8 0.8389423076923077 0.5949519230769231 0.07572115384615384 0.20432692307692307
12 0.8040865384615384 0.9098557692307693 0.057692307692307696 0.12620192307692307
7 0.8137019230769231 0.8497596153846154 0.06009615384615385 0.14903846153846154
7 0.8569711538461539 0.33413461538461536 0.07451923076923077 0.14302884615384615
9 0.8365384615384616 0.4543269230769231 0.06129807692307692 0.13942307692307693
9 0.6502403846153846 0.671875 0.054086538461538464 0.13341346153846154
11 0.65625 0.8521634615384616 0.06490384615384616 0.17548076923076922
10 0.5865384615384616 0.9134615384615384 0.04927884615384615 0.109375
10 0.5841346153846154 0.7524038461538461 0.05048076923076923 0.10576923076923077
10 0.7271634615384616 0.8341346153846154 0.04807692307692308 0.10817307692307693
10 0.7391826923076923 0.6610576923076923 0.05048076923076923 0.10817307692307693
10 0.7391826923076923 0.5600961538461539 0.057692307692307696 0.109375
10 0.7536057692307693 0.33413461538461536 0.0625 0.11538461538461539
5 0.4807692307692308 0.5793269230769231 0.0625 0.18629807692307693
1 0.6418269230769231 0.4567307692307692 0.06129807692307692 0.14783653846153846
3 0.40625 0.6634615384615384 0.06009615384615385 0.14423076923076922
3 0.3629807692307692 0.3473557692307692 0.06610576923076923 0.16466346153846154
2 0.2283653846153846 0.7055288461538461 0.07932692307692307 0.1971153846153846
1 0.34975961538461536 0.9146634615384616 0.054086538461538464 0.13822115384615385
6 0.26802884615384615 0.9134615384615384 0.055288461538461536 0.12620192307692307
6 0.19471153846153846 0.46033653846153844 0.06971153846153846 0.14423076923076922
4 0.25841346153846156 0.21514423076923078 0.06009615384615385 0.11298076923076923
4 0.3161057692307692 0.6550480769230769 0.05048076923076923 0.10576923076923077
4 0.4230769230769231 0.8233173076923077 0.04927884615384615 0.11177884615384616
4 0.48677884615384615 0.7379807692307693 0.046875 0.10697115384615384
4 0.39302884615384615 0.4639423076923077 0.051682692307692304 0.1141826923076923
4 0.45913461538461536 0.3317307692307692 0.052884615384615384 0.11899038461538461