8 0.16105769230769232 0.5949519230769231 0.07572115384615384 0.20432692307692307
12 0.19591346153846154 0.9098557692307693 0.057692307692307696 0.12620192307692307
7 0.18629807692307693 0.8497596153846154 0.06009615384615385 0.14903846153846154
7 0.14302884615384615 0.33413461538461536 0.07451923076923077 0.14302884615384615
9 0.16346153846153846 0.4543269230769231 0.06129807692307692 0.13942307692307693
9 0.34975961538461536 0.671875 0.054086538461538464 0.13341346153846154
11 0.34375 0.8521634615384616 0.06490384615384616 0.17548076923076922
10 0.41346153846153844 0.9134615384615384 0.04927884615384615 0.109375
10 0.41586538461538464 0.7524038461538461 0.05048076923076923 0.10576923076923077
10 0.27283653846153844 0.8341346153846154 0.04807692307692308 0.10817307692307693
10 0.2608173076923077 0.6610576923076923 0.05048076923076923 0.10817307692307693
10 0.2608173076923077 0.5600961538461539 0.057692307692307696 0.109375
10 0.24639423076923078 0.33413461538461536 0.0625 0.11538461538461539
5 0.5192307692307693 0.5793269230769231 0.0625 0.18629807692307693
1 0.3581730769230769 0.4567307692307692 0.06129807692307692 0.14783653846153846
3 0.59375 0.6634615384615384 0.06009615384615385 0.14423076923076922
3 0.6370192307692307 0.3473557692307692 0.06610576923076923 0.16466346153846154
2 0.7716346153846154 0.7055288461538461 0.07932692307692307 0.1971153846153846
1 0.6502403846153846 0.9146634615384616 0.054086538461538464 0.13822115384615385
6 0.7319711538461539 0.9134615384615384 0.055288461538461536 0.12620192307692307
6 0.8052884615384616 0.46033653846153844 0.06971153846153846 0.14423076923076922
4 0.7415865384615384 0.21514423076923078 0.06009615384615385 0.11298076923076923
4 0.6838942307692307 0.6550480769230769 0.05048076923076923 0.10576923076923077
4 0.5769230769230769 0.8233173076923077 0.04927884615384615 0.11177884615384616
4 0.5132211538461539 0.7379807692307693 0.046875 0.10697115384615384
4 0.6069711538461539 0.4639423076923077 0.051682692307692304 0.1141826923076923
4 0.5408653846153846 0.3317307692307692 0.052884615384615384 0.11899038461538461