2 0.7680288461538461 0.7019230769230769 0.08413461538461539 0.21634615384615385
6 0.5697115384615384 0.9134615384615384 0.057692307692307696 0.13221153846153846
1 0.5096153846153846 0.7680288461538461 0.06850961538461539 0.15625
4 0.6814903846153846 0.6574519230769231 0.054086538461538464 0.11538461538461539
4 0.6081730769230769 0.45913461538461536 0.05889423076923077 0.12139423076923077
4 0.5444711538461539 0.33774038461538464 0.05889423076923077 0.12860576923076922
4 0.4182692307692308 0.8185096153846154 0.057692307692307696 0.11899038461538461
3 0.34975961538461536 0.5612980769230769 0.07091346153846154 0.15264423076923078
3 0.24278846153846154 0.36177884615384615 0.07451923076923077 0.16105769230769232
9 0.23317307692307693 0.21514423076923078 0.07572115384615384 0.15384615384615385
12 0.1971153846153846 0.9098557692307693 0.06490384615384616 0.12980769230769232
11 0.34615384615384615 0.8521634615384616 0.06490384615384616 0.17908653846153846
8 0.16466346153846154 0.6947115384615384 0.08533653846153846 0.203125
7 0.4387019230769231 0.5733173076923077 0.0625 0.15865384615384615
10 0.34975961538461536 0.6730769230769231 0.051682692307692304 0.11298076923076923
10 0.27524038461538464 0.8329326923076923 0.056490384615384616 0.109375
10 0.2608173076923077 0.6634615384615384 0.05889423076923077 0.1201923076923077
10 0.35336538461538464 0.4375 0.06850961538461539 0.125