8 0.17548076923076922 0.6346153846153846 0.06610576923076923 0.19471153846153846
2 0.7884615384615384 0.6310096153846154 0.07211538461538461 0.18990384615384615
11 0.18990384615384615 0.7223557692307693 0.06370192307692307 0.17067307692307693
5 0.7836538461538461 0.7019230769230769 0.06971153846153846 0.1622596153846154
9 0.16706730769230768 0.39783653846153844 0.07091346153846154 0.13581730769230768
3 0.44471153846153844 0.6081730769230769 0.055288461538461536 0.1346153846153846
3 0.5901442307692307 0.8689903846153846 0.046875 0.1346153846153846
7 0.16105769230769232 0.5096153846153846 0.056490384615384616 0.13221153846153846
9 0.36658653846153844 0.8040865384615384 0.04807692307692308 0.13221153846153846
12 0.25600961538461536 0.25721153846153844 0.06129807692307692 0.13221153846153846
7 0.1935096153846154 0.796875 0.05048076923076923 0.1310096153846154
1 0.7512019230769231 0.7884615384615384 0.04567307692307692 0.1310096153846154
1 0.7091346153846154 0.3870192307692308 0.056490384615384616 0.12980769230769232
1 0.8413461538461539 0.2668269230769231 0.07091346153846154 0.125
1 0.7415865384615384 0.9350961538461539 0.04807692307692308 0.10817307692307693
10 0.4495192307692308 0.25961538461538464 0.05048076923076923 0.10817307692307693
4 0.6189903846153846 0.38461538461538464 0.051682692307692304 0.10697115384615384
4 0.6454326923076923 0.25961538461538464 0.04927884615384615 0.10576923076923077
10 0.26322115384615385 0.484375 0.056490384615384616 0.1045673076923077
12 0.2091346153846154 0.9483173076923077 0.04807692307692308 0.10336538461538461
10 0.2620192307692308 0.38341346153846156 0.05889423076923077 0.10336538461538461
10 0.27403846153846156 0.5913461538461539 0.057692307692307696 0.10096153846153846
10 0.2860576923076923 0.9411057692307693 0.042067307692307696 0.10096153846153846
10 0.2824519230769231 0.7776442307692307 0.046875 0.09975961538461539
4 0.7091346153846154 0.49158653846153844 0.05048076923076923 0.09975961538461539
4 0.5168269230769231 0.7019230769230769 0.04567307692307692 0.0985576923076923
4 0.6778846153846154 0.7728365384615384 0.042067307692307696 0.0985576923076923
10 0.43028846153846156 0.8605769230769231 0.042067307692307696 0.0985576923076923
10 0.2764423076923077 0.6911057692307693 0.046875 0.09735576923076923
4 0.6670673076923077 0.8545673076923077 0.042067307692307696 0.09254807692307693
4 0.6598557692307693 0.9387019230769231 0.038461538461538464 0.09134615384615384
4 0.7007211538461539 0.5985576923076923 0.046875 0.10576923076923077