1 0.7403846153846154 0.8425480769230769 0.04927884615384615 0.12980769230769232
1 0.5216346153846154 0.6730769230769231 0.04807692307692308 0.12980769230769232
5 0.7079326923076923 0.5877403846153846 0.051682692307692304 0.1658653846153846
3 0.7704326923076923 0.703125 0.07211538461538461 0.1875
6 0.8509615384615384 0.21634615384615385 0.0733173076923077 0.13822115384615385
6 0.7259615384615384 0.9158653846153846 0.052884615384615384 0.11778846153846154
3 0.8161057692307693 0.4543269230769231 0.07211538461538461 0.13581730769230768
4 0.6826923076923077 0.6574519230769231 0.04326923076923077 0.10216346153846154
3 0.6057692307692307 0.65625 0.06009615384615385 0.13701923076923078
4 0.6550480769230769 0.9074519230769231 0.042067307692307696 0.09975961538461539
4 0.5769230769230769 0.8233173076923077 0.04326923076923077 0.10216346153846154
4 0.5144230769230769 0.7379807692307693 0.042067307692307696 0.1045673076923077
4 0.5288461538461539 0.5516826923076923 0.05048076923076923 0.1045673076923077
4 0.7439903846153846 0.21754807692307693 0.051682692307692304 0.11298076923076923
4 0.5997596153846154 0.4543269230769231 0.04807692307692308 0.10817307692307693
4 0.5432692307692307 0.3329326923076923 0.052884615384615384 0.11057692307692307
9 0.35216346153846156 0.671875 0.057692307692307696 0.1310096153846154
12 0.3473557692307692 0.22235576923076922 0.06490384615384616 0.13701923076923078
12 0.19831730769230768 0.9086538461538461 0.04807692307692308 0.11658653846153846
7 0.18629807692307693 0.8497596153846154 0.055288461538461536 0.14182692307692307
7 0.14182692307692307 0.33774038461538464 0.06490384615384616 0.14182692307692307
8 0.16346153846153846 0.5913461538461539 0.07091346153846154 0.1971153846153846
10 0.4182692307692308 0.7536057692307693 0.04326923076923077 0.10216346153846154
11 0.27403846153846156 0.7788461538461539 0.0673076923076923 0.1658653846153846
10 0.41346153846153844 0.9134615384615384 0.042067307692307696 0.0985576923076923
10 0.27283653846153844 0.8365384615384616 0.042067307692307696 0.09735576923076923
10 0.2608173076923077 0.6610576923076923 0.04807692307692308 0.10216346153846154
10 0.2608173076923077 0.5625 0.052884615384615384 0.109375
10 0.24879807692307693 0.3329326923076923 0.046875 0.10096153846153846
10 0.43149038461538464 0.44591346153846156 0.04567307692307692 0.11538461538461539
10 0.4495192307692308 0.21153846153846154 0.056490384615384616 0.10817307692307693