6 0.5889423076923077 0.9350961538461539 0.054086538461538464 0.11177884615384616
6 0.8413461538461539 0.2704326923076923 0.0733173076923077 0.13942307692307693
2 0.7836538461538461 0.6334134615384616 0.0889423076923077 0.19831730769230768
5 0.5961538461538461 0.7067307692307693 0.06850961538461539 0.171875
4 0.6658653846153846 0.8581730769230769 0.04567307692307692 0.10576923076923077
4 0.6778846153846154 0.7716346153846154 0.04326923076923077 0.10576923076923077
4 0.6983173076923077 0.5973557692307693 0.05048076923076923 0.1045673076923077
4 0.7079326923076923 0.49278846153846156 0.04927884615384615 0.10576923076923077
4 0.5144230769230769 0.6995192307692307 0.04807692307692308 0.10216346153846154
4 0.5192307692307693 0.9326923076923077 0.04567307692307692 0.10336538461538461
3 0.5901442307692307 0.8701923076923077 0.046875 0.1310096153846154
3 0.4423076923076923 0.6045673076923077 0.0625 0.14182692307692307
7 0.2548076923076923 0.2548076923076923 0.06610576923076923 0.13942307692307693
7 0.15745192307692307 0.5108173076923077 0.0673076923076923 0.13822115384615385
12 0.20552884615384615 0.9447115384615384 0.0625 0.109375
8 0.171875 0.6358173076923077 0.07692307692307693 0.20192307692307693
11 0.359375 0.703125 0.07692307692307693 0.16826923076923078
9 0.3641826923076923 0.8076923076923077 0.052884615384615384 0.13581730769230768
9 0.1658653846153846 0.39903846153846156 0.0733173076923077 0.14182692307692307
10 0.43509615384615385 0.6959134615384616 0.04447115384615385 0.1045673076923077
10 0.2824519230769231 0.9435096153846154 0.04927884615384615 0.1045673076923077
10 0.28725961538461536 0.7848557692307693 0.051682692307692304 0.109375
10 0.2620192307692308 0.38461538461538464 0.06610576923076923 0.11538461538461539
10 0.44591346153846156 0.2668269230769231 0.0625 0.11658653846153846