2 0.7668269230769231 0.7007211538461539 0.07692307692307693 0.20072115384615385
6 0.8016826923076923 0.4699519230769231 0.07091346153846154 0.1346153846153846
6 0.7331730769230769 0.9146634615384616 0.054086538461538464 0.12620192307692307
3 0.5949519230769231 0.6634615384615384 0.057692307692307696 0.14182692307692307
3 0.6382211538461539 0.3449519230769231 0.07091346153846154 0.15264423076923078
4 0.7403846153846154 0.21634615384615385 0.06009615384615385 0.11538461538461539
5 0.5204326923076923 0.5757211538461539 0.06610576923076923 0.17427884615384615
4 0.5769230769230769 0.8257211538461539 0.05048076923076923 0.11298076923076923
4 0.6850961538461539 0.6550480769230769 0.046875 0.10817307692307693
4 0.6057692307692307 0.46033653846153844 0.052884615384615384 0.11177884615384616
4 0.5444711538461539 0.33413461538461536 0.046875 0.11177884615384616
4 0.515625 0.7367788461538461 0.04927884615384615 0.1045673076923077
1 0.6514423076923077 0.9206730769230769 0.052884615384615384 0.13822115384615385
1 0.359375 0.46153846153846156 0.06129807692307692 0.14903846153846154
11 0.34615384615384615 0.8533653846153846 0.0625 0.17427884615384615
8 0.16346153846153846 0.59375 0.08533653846153846 0.20432692307692307
9 0.23798076923076922 0.2127403846153846 0.06971153846153846 0.15504807692307693
12 0.19591346153846154 0.9134615384615384 0.051682692307692304 0.125
7 0.18870192307692307 0.8509615384615384 0.052884615384615384 0.14302884615384615
7 0.14182692307692307 0.33774038461538464 0.07091346153846154 0.1502403846153846
9 0.35216346153846156 0.6706730769230769 0.06370192307692307 0.14302884615384615
10 0.41225961538461536 0.9146634615384616 0.05048076923076923 0.109375
10 0.41586538461538464 0.7560096153846154 0.04807692307692308 0.11177884615384616
10 0.27283653846153844 0.8341346153846154 0.04927884615384615 0.10697115384615384
10 0.25841346153846156 0.6622596153846154 0.04927884615384615 0.1045673076923077
10 0.25841346153846156 0.5612980769230769 0.055288461538461536 0.11538461538461539
10 0.25 0.33533653846153844 0.054086538461538464 0.11298076923076923