1 0.40024038461538464 0.8413461538461539 0.057692307692307696 0.14302884615384615
2 0.23076923076923078 0.7043269230769231 0.08533653846153846 0.20793269230769232
6 0.484375 0.7548076923076923 0.06370192307692307 0.12259615384615384
3 0.5612980769230769 0.75 0.06370192307692307 0.1310096153846154
3 0.5600961538461539 0.22115384615384615 0.078125 0.15865384615384615
4 0.25841346153846156 0.21995192307692307 0.06490384615384616 0.13221153846153846
6 0.43149038461538464 0.9182692307692307 0.06009615384615385 0.12860576923076922
4 0.3173076923076923 0.6586538461538461 0.056490384615384616 0.11177884615384616
4 0.4579326923076923 0.33413461538461536 0.055288461538461536 0.12139423076923077
4 0.39302884615384615 0.46274038461538464 0.06129807692307692 0.12139423076923077
4 0.5084134615384616 0.8293269230769231 0.05048076923076923 0.11057692307692307
4 0.5805288461538461 0.8221153846153846 0.04567307692307692 0.11538461538461539
8 0.8365384615384616 0.5913461538461539 0.0829326923076923 0.20793269230769232
11 0.6538461538461539 0.8545673076923077 0.06129807692307692 0.17668269230769232
9 0.7644230769230769 0.21153846153846154 0.08173076923076923 0.15985576923076922
12 0.8016826923076923 0.9122596153846154 0.05889423076923077 0.12620192307692307
7 0.8125 0.8497596153846154 0.05889423076923077 0.1466346153846154
7 0.6430288461538461 0.5721153846153846 0.06129807692307692 0.14423076923076922
10 0.5865384615384616 0.9134615384615384 0.05048076923076923 0.109375
10 0.7271634615384616 0.8341346153846154 0.051682692307692304 0.10697115384615384
10 0.7391826923076923 0.6598557692307693 0.054086538461538464 0.11298076923076923
10 0.7391826923076923 0.5612980769230769 0.057692307692307696 0.11899038461538461
10 0.6454326923076923 0.4387019230769231 0.057692307692307696 0.1201923076923077