5 0.7824519230769231 0.7055288461538461 0.06850961538461539 0.15625
2 0.7860576923076923 0.6322115384615384 0.07211538461538461 0.18629807692307693
1 0.8088942307692307 0.5060096153846154 0.056490384615384616 0.12980769230769232
1 0.7536057692307693 0.7884615384615384 0.04807692307692308 0.125
3 0.7427884615384616 0.8617788461538461 0.057692307692307696 0.11057692307692307
3 0.8257211538461539 0.3870192307692308 0.07211538461538461 0.1201923076923077
6 0.7415865384615384 0.9350961538461539 0.046875 0.10216346153846154
6 0.8389423076923077 0.265625 0.0673076923076923 0.125
4 0.7391826923076923 0.2644230769230769 0.051682692307692304 0.10096153846153846
4 0.7235576923076923 0.3858173076923077 0.04927884615384615 0.10096153846153846
4 0.7103365384615384 0.49158653846153844 0.04326923076923077 0.09615384615384616
4 0.6983173076923077 0.5949519230769231 0.04447115384615385 0.09735576923076923
4 0.6850961538461539 0.6911057692307693 0.04567307692307692 0.09375
4 0.6754807692307693 0.7728365384615384 0.040865384615384616 0.09615384615384616
4 0.6658653846153846 0.8533653846153846 0.042067307692307696 0.08774038461538461
4 0.6610576923076923 0.9362980769230769 0.039663461538461536 0.09254807692307693
11 0.19110576923076922 0.7223557692307693 0.06129807692307692 0.1658653846153846
8 0.17548076923076922 0.6358173076923077 0.06490384615384616 0.19110576923076922
7 0.1935096153846154 0.7956730769230769 0.04807692307692308 0.1310096153846154
7 0.1622596153846154 0.5120192307692307 0.055288461538461536 0.12980769230769232
9 0.21153846153846154 0.8737980769230769 0.05048076923076923 0.12620192307692307
9 0.16706730769230768 0.39783653846153844 0.06490384615384616 0.140625
12 0.14423076923076922 0.2536057692307692 0.0625 0.13341346153846154
12 0.21033653846153846 0.9483173076923077 0.04567307692307692 0.10216346153846154
10 0.28725961538461536 0.9435096153846154 0.038461538461538464 0.09615384615384616
10 0.2848557692307692 0.8617788461538461 0.042067307692307696 0.08774038461538461
10 0.2824519230769231 0.7752403846153846 0.042067307692307696 0.09735576923076923
10 0.2776442307692308 0.6923076923076923 0.04807692307692308 0.0985576923076923
10 0.2776442307692308 0.5901442307692307 0.046875 0.0985576923076923
10 0.2644230769230769 0.4855769230769231 0.054086538461538464 0.10216346153846154
10 0.2644230769230769 0.38461538461538464 0.05048076923076923 0.10576923076923077
10 0.25240384615384615 0.2608173076923077 0.055288461538461536 0.10336538461538461