5 0.21153846153846154 0.7115384615384616 0.06009615384615385 0.14302884615384615
2 0.20673076923076922 0.6310096153846154 0.078125 0.18269230769230768
1 0.23798076923076922 0.7848557692307693 0.051682692307692304 0.12620192307692307
1 0.19591346153846154 0.5012019230769231 0.05889423076923077 0.12620192307692307
6 0.2536057692307692 0.8665865384615384 0.055288461538461536 0.1141826923076923
6 0.17307692307692307 0.390625 0.07091346153846154 0.12980769230769232
6 0.25721153846153844 0.9326923076923077 0.04807692307692308 0.10697115384615384
6 0.16105769230769232 0.265625 0.07451923076923077 0.12860576923076922
4 0.3401442307692308 0.9350961538461539 0.040865384615384616 0.09375
4 0.33533653846153844 0.8557692307692307 0.04326923076923077 0.09254807692307693
4 0.3245192307692308 0.7752403846153846 0.04567307692307692 0.09495192307692307
4 0.31490384615384615 0.6959134615384616 0.04567307692307692 0.10576923076923077
4 0.3004807692307692 0.6009615384615384 0.042067307692307696 0.10216346153846154
4 0.28846153846153844 0.49759615384615385 0.04326923076923077 0.10697115384615384
4 0.27524038461538464 0.3870192307692308 0.046875 0.10576923076923077
4 0.2608173076923077 0.265625 0.051682692307692304 0.11538461538461539
11 0.8112980769230769 0.7211538461538461 0.06490384615384616 0.16466346153846154
8 0.8257211538461539 0.6358173076923077 0.06850961538461539 0.19110576923076922
7 0.8076923076923077 0.7956730769230769 0.052884615384615384 0.12860576923076922
7 0.8401442307692307 0.5144230769230769 0.06009615384615385 0.13701923076923078
9 0.7992788461538461 0.8713942307692307 0.055288461538461536 0.11778846153846154
9 0.84375 0.3798076923076923 0.0673076923076923 0.13581730769230768
12 0.8569711538461539 0.2548076923076923 0.0673076923076923 0.140625
12 0.7908653846153846 0.9471153846153846 0.05048076923076923 0.10576923076923077
10 0.71875 0.9435096153846154 0.046875 0.08774038461538461
10 0.71875 0.8617788461538461 0.04807692307692308 0.09134615384615384
10 0.71875 0.7764423076923077 0.046875 0.09735576923076923
10 0.7271634615384616 0.6911057692307693 0.056490384615384616 0.0985576923076923
10 0.7271634615384616 0.5889423076923077 0.056490384615384616 0.1045673076923077
10 0.7379807692307693 0.48677884615384615 0.057692307692307696 0.09495192307692307
10 0.7391826923076923 0.38461538461538464 0.06129807692307692 0.10576923076923077
10 0.7487980769230769 0.2620192307692308 0.06129807692307692 0.1045673076923077