10 0.27403846153846156 0.8317307692307693 0.040865384615384616 0.09134615384615384
4 0.6826923076923077 0.65625 0.04326923076923077 0.0985576923076923
2 0.7704326923076923 0.703125 0.07091346153846154 0.20432692307692307
4 0.5120192307692307 0.7403846153846154 0.042067307692307696 0.09014423076923077
10 0.2692307692307692 0.9002403846153846 0.052884615384615384 0.10336538461538461
4 0.5745192307692307 0.8245192307692307 0.04807692307692308 0.09735576923076923
1 0.7355769230769231 0.8389423076923077 0.055288461538461536 0.12740384615384615
11 0.27524038461538464 0.7896634615384616 0.06971153846153846 0.12860576923076922
10 0.27163461538461536 0.6694711538461539 0.056490384615384616 0.12379807692307693
4 0.65625 0.9038461538461539 0.042067307692307696 0.09014423076923077
10 0.41466346153846156 0.7512019230769231 0.04567307692307692 0.10576923076923077
8 0.15985576923076922 0.5913461538461539 0.06971153846153846 0.18028846153846154
7 0.1875 0.8341346153846154 0.06490384615384616 0.14903846153846154
3 0.5144230769230769 0.6574519230769231 0.06129807692307692 0.12620192307692307
12 0.19230769230769232 0.8966346153846154 0.06610576923076923 0.1466346153846154
10 0.43509615384615385 0.44350961538461536 0.05889423076923077 0.11057692307692307
3 0.6009615384615384 0.6694711538461539 0.05889423076923077 0.13942307692307693
5 0.7091346153846154 0.5733173076923077 0.07211538461538461 0.15504807692307693
4 0.5492788461538461 0.3425480769230769 0.057692307692307696 0.10576923076923077
10 0.24879807692307693 0.33413461538461536 0.051682692307692304 0.1045673076923077
6 0.7199519230769231 0.9146634615384616 0.052884615384615384 0.0985576923076923
4 0.5997596153846154 0.4567307692307692 0.052884615384615384 0.11538461538461539
6 0.8485576923076923 0.22115384615384615 0.07211538461538461 0.14302884615384615
7 0.13581730769230768 0.34134615384615385 0.06971153846153846 0.14182692307692307
3 0.8137019230769231 0.46033653846153844 0.08052884615384616 0.12379807692307693
9 0.15745192307692307 0.4567307692307692 0.07091346153846154 0.1466346153846154
9 0.3485576923076923 0.6730769230769231 0.06129807692307692 0.14182692307692307
10 0.2620192307692308 0.5733173076923077 0.06129807692307692 0.12740384615384615
4 0.5288461538461539 0.546875 0.054086538461538464 0.11177884615384616
10 0.43990384615384615 0.21995192307692307 0.0625 0.11778846153846154
12 0.3485576923076923 0.21995192307692307 0.06971153846153846 0.14423076923076922
4 0.7463942307692307 0.22355769230769232 0.055288461538461536 0.11298076923076923