6 0.26802884615384615 0.9146634615384616 0.055288461538461536 0.12139423076923077
6 0.15144230769230768 0.21634615384615385 0.07572115384615384 0.13701923076923078
2 0.22716346153846154 0.7007211538461539 0.07211538461538461 0.19591346153846154
5 0.29086538461538464 0.5901442307692307 0.06610576923076923 0.1658653846153846
4 0.3173076923076923 0.65625 0.040865384615384616 0.1045673076923077
4 0.25600961538461536 0.21754807692307693 0.055288461538461536 0.109375
3 0.18269230769230768 0.453125 0.07211538461538461 0.12620192307692307
3 0.39302884615384615 0.6586538461538461 0.055288461538461536 0.13822115384615385
1 0.3473557692307692 0.9182692307692307 0.05048076923076923 0.13581730769230768
1 0.484375 0.6658653846153846 0.06129807692307692 0.13822115384615385
4 0.49278846153846156 0.9098557692307693 0.042067307692307696 0.09975961538461539
4 0.4230769230769231 0.8245192307692307 0.04326923076923077 0.10216346153846154
4 0.484375 0.734375 0.046875 0.10576923076923077
4 0.46634615384615385 0.5552884615384616 0.04447115384615385 0.1045673076923077
4 0.40024038461538464 0.4543269230769231 0.04807692307692308 0.11177884615384616
4 0.4567307692307692 0.33413461538461536 0.054086538461538464 0.11538461538461539
9 0.6490384615384616 0.6706730769230769 0.05889423076923077 0.13581730769230768
9 0.8389423076923077 0.4543269230769231 0.07572115384615384 0.1310096153846154
8 0.8353365384615384 0.5925480769230769 0.07091346153846154 0.1935096153846154
7 0.8569711538461539 0.33533653846153844 0.06610576923076923 0.13822115384615385
7 0.8125 0.8473557692307693 0.056490384615384616 0.13581730769230768
12 0.8016826923076923 0.9086538461538461 0.04807692307692308 0.12259615384615384
12 0.6526442307692307 0.22115384615384615 0.0673076923076923 0.13822115384615385
10 0.7536057692307693 0.3317307692307692 0.052884615384615384 0.11057692307692307
10 0.7403846153846154 0.5625 0.054086538461538464 0.10096153846153846
10 0.7379807692307693 0.6586538461538461 0.05048076923076923 0.10096153846153846
11 0.7259615384615384 0.7788461538461539 0.06971153846153846 0.16466346153846154
10 0.7247596153846154 0.8365384615384616 0.042067307692307696 0.09375
10 0.5865384615384616 0.9122596153846154 0.04447115384615385 0.10096153846153846
10 0.5829326923076923 0.7548076923076923 0.04567307692307692 0.10216346153846154
10 0.5697115384615384 0.4411057692307692 0.051682692307692304 0.10817307692307693
10 0.5528846153846154 0.21153846153846154 0.056490384615384616 0.1141826923076923