2 0.7680288461538461 0.6995192307692307 0.078125 0.20192307692307693
3 0.5949519230769231 0.6610576923076923 0.055288461538461536 0.14423076923076922
3 0.43990384615384615 0.21995192307692307 0.06610576923076923 0.15985576923076922
6 0.5697115384615384 0.9206730769230769 0.056490384615384616 0.12860576923076922
6 0.5228365384615384 0.5661057692307693 0.06129807692307692 0.13822115384615385
4 0.7415865384615384 0.21875 0.0625 0.12379807692307693
4 0.6826923076923077 0.6574519230769231 0.052884615384615384 0.109375
4 0.6081730769230769 0.46033653846153844 0.05048076923076923 0.11658653846153846
4 0.5420673076923077 0.33653846153846156 0.057692307692307696 0.1141826923076923
4 0.515625 0.7355769230769231 0.054086538461538464 0.10336538461538461
4 0.49158653846153844 0.828125 0.05048076923076923 0.109375
1 0.5973557692307693 0.8413461538461539 0.051682692307692304 0.1502403846153846
1 0.3545673076923077 0.46153846153846156 0.06850961538461539 0.14903846153846154
11 0.3473557692307692 0.8521634615384616 0.057692307692307696 0.17668269230769232
9 0.23798076923076922 0.21153846153846154 0.0733173076923077 0.1622596153846154
9 0.34975961538461536 0.6754807692307693 0.06009615384615385 0.13581730769230768
7 0.35697115384615385 0.5697115384615384 0.056490384615384616 0.13822115384615385
7 0.18509615384615385 0.8497596153846154 0.06850961538461539 0.14302884615384615
12 0.1971153846153846 0.9074519230769231 0.056490384615384616 0.12139423076923077
8 0.16466346153846154 0.5949519230769231 0.078125 0.203125
10 0.4110576923076923 0.9134615384615384 0.05048076923076923 0.109375
10 0.27524038461538464 0.8329326923076923 0.05048076923076923 0.1045673076923077
10 0.2608173076923077 0.6622596153846154 0.04927884615384615 0.10096153846153846
10 0.25961538461538464 0.5649038461538461 0.052884615384615384 0.11177884615384616
10 0.25 0.3329326923076923 0.05889423076923077 0.11538461538461539