1 0.7079326923076923 0.3858173076923077 0.07211538461538461 0.13581730769230768
2 0.7884615384615384 0.6334134615384616 0.08052884615384616 0.20192307692307693
5 0.5997596153846154 0.7067307692307693 0.06129807692307692 0.1778846153846154
6 0.8377403846153846 0.2668269230769231 0.08173076923076923 0.1346153846153846
6 0.5889423076923077 0.9350961538461539 0.04807692307692308 0.11658653846153846
4 0.6646634615384616 0.8569711538461539 0.04447115384615385 0.10576923076923077
4 0.6754807692307693 0.7740384615384616 0.04927884615384615 0.1045673076923077
4 0.7007211538461539 0.5973557692307693 0.054086538461538464 0.10697115384615384
4 0.7079326923076923 0.49399038461538464 0.052884615384615384 0.10817307692307693
4 0.640625 0.25961538461538464 0.057692307692307696 0.11778846153846154
4 0.5180288461538461 0.9326923076923077 0.04567307692307692 0.10817307692307693
4 0.5204326923076923 0.6995192307692307 0.046875 0.1045673076923077
3 0.5901442307692307 0.8665865384615384 0.051682692307692304 0.13581730769230768
3 0.4423076923076923 0.6045673076923077 0.056490384615384616 0.14423076923076922
11 0.3641826923076923 0.7055288461538461 0.06490384615384616 0.171875
12 0.2536057692307692 0.2608173076923077 0.0673076923076923 0.1310096153846154
12 0.20552884615384615 0.9447115384615384 0.06009615384615385 0.109375
8 0.17067307692307693 0.6370192307692307 0.07451923076923077 0.1935096153846154
7 0.15745192307692307 0.5120192307692307 0.06370192307692307 0.13701923076923078
9 0.36538461538461536 0.8088942307692307 0.054086538461538464 0.12980769230769232
9 0.1622596153846154 0.39663461538461536 0.07451923076923077 0.14302884615384615
10 0.4375 0.6995192307692307 0.04927884615384615 0.10576923076923077
10 0.2860576923076923 0.9423076923076923 0.04927884615384615 0.10336538461538461
10 0.28846153846153844 0.7836538461538461 0.04927884615384615 0.1045673076923077
10 0.27283653846153844 0.5913461538461539 0.06009615384615385 0.1045673076923077
10 0.26322115384615385 0.48677884615384615 0.056490384615384616 0.10336538461538461
10 0.26322115384615385 0.38341346153846156 0.057692307692307696 0.109375
10 0.4495192307692308 0.2620192307692308 0.055288461538461536 0.11778846153846154