9 0.5697115384615384 0.8413461538461539 0.05889423076923077 0.140625
9 0.765625 0.2091346153846154 0.07932692307692307 0.15985576923076922
8 0.8353365384615384 0.5913461538461539 0.08533653846153846 0.21394230769230768
11 0.65625 0.8485576923076923 0.06610576923076923 0.17548076923076922
12 0.8016826923076923 0.9110576923076923 0.06971153846153846 0.1310096153846154
7 0.8137019230769231 0.8485576923076923 0.06610576923076923 0.1466346153846154
7 0.6442307692307693 0.5733173076923077 0.06490384615384616 0.14903846153846154
10 0.5889423076923077 0.9170673076923077 0.056490384615384616 0.10576923076923077
10 0.7271634615384616 0.8353365384615384 0.052884615384615384 0.10216346153846154
10 0.7415865384615384 0.6646634615384616 0.057692307692307696 0.1141826923076923
10 0.7512019230769231 0.33653846153846156 0.057692307692307696 0.11778846153846154
10 0.7403846153846154 0.5637019230769231 0.056490384615384616 0.1201923076923077
2 0.23197115384615385 0.7007211538461539 0.08413461538461539 0.20673076923076922
3 0.4026442307692308 0.6634615384615384 0.05889423076923077 0.15144230769230768
3 0.5600961538461539 0.21754807692307693 0.07091346153846154 0.15384615384615385
6 0.43149038461538464 0.9230769230769231 0.054086538461538464 0.12980769230769232
6 0.4795673076923077 0.5637019230769231 0.0625 0.13942307692307693
1 0.40384615384615385 0.8413461538461539 0.04807692307692308 0.1502403846153846
1 0.640625 0.4567307692307692 0.0625 0.1502403846153846
4 0.4855769230769231 0.7355769230769231 0.04807692307692308 0.10817307692307693
4 0.5108173076923077 0.828125 0.05048076923076923 0.10216346153846154
4 0.3137019230769231 0.6526442307692307 0.052884615384615384 0.11177884615384616
4 0.25600961538461536 0.21514423076923078 0.06009615384615385 0.12139423076923077
4 0.39302884615384615 0.45913461538461536 0.051682692307692304 0.12740384615384615
4 0.4567307692307692 0.33774038461538464 0.057692307692307696 0.12379807692307693