2 0.23317307692307693 0.7019230769230769 0.08173076923076923 0.20673076923076922
6 0.2692307692307692 0.9146634615384616 0.057692307692307696 0.125
6 0.19591346153846154 0.4675480769230769 0.07211538461538461 0.13221153846153846
1 0.3629807692307692 0.34134615384615385 0.06610576923076923 0.15625
1 0.40384615384615385 0.6646634615384616 0.057692307692307696 0.140625
5 0.4795673076923077 0.5757211538461539 0.06490384615384616 0.18028846153846154
4 0.48677884615384615 0.7355769230769231 0.04567307692307692 0.109375
4 0.25721153846153844 0.21634615384615385 0.05889423076923077 0.1201923076923077
4 0.3173076923076923 0.6574519230769231 0.051682692307692304 0.11177884615384616
4 0.39302884615384615 0.4579326923076923 0.057692307692307696 0.1141826923076923
4 0.45913461538461536 0.3329326923076923 0.05889423076923077 0.11538461538461539
4 0.5108173076923077 0.8245192307692307 0.052884615384615384 0.10216346153846154
1 0.4026442307692308 0.8425480769230769 0.06370192307692307 0.14903846153846154
1 0.6418269230769231 0.46153846153846156 0.06971153846153846 0.14182692307692307
11 0.6550480769230769 0.8521634615384616 0.06610576923076923 0.18028846153846154
12 0.8028846153846154 0.9134615384615384 0.05889423076923077 0.1201923076923077
9 0.7620192307692307 0.20793269230769232 0.07932692307692307 0.14903846153846154
9 0.6502403846153846 0.6742788461538461 0.06009615384615385 0.13341346153846154
7 0.6442307692307693 0.5721153846153846 0.054086538461538464 0.13221153846153846
7 0.8125 0.8485576923076923 0.057692307692307696 0.13942307692307693
8 0.8341346153846154 0.5901442307692307 0.08413461538461539 0.20673076923076922
10 0.5853365384615384 0.9110576923076923 0.04326923076923077 0.11177884615384616
10 0.5829326923076923 0.7524038461538461 0.04807692307692308 0.11177884615384616
10 0.7259615384615384 0.8305288461538461 0.05048076923076923 0.10817307692307693
10 0.7391826923076923 0.6610576923076923 0.051682692307692304 0.11298076923076923
10 0.7403846153846154 0.5612980769230769 0.052884615384615384 0.1141826923076923
10 0.75 0.3329326923076923 0.057692307692307696 0.11778846153846154