11 0.27283653846153844 0.7788461538461539 0.07211538461538461 0.16466346153846154
2 0.7704326923076923 0.7019230769230769 0.07572115384615384 0.18990384615384615
1 0.6514423076923077 0.921875 0.052884615384615384 0.13822115384615385
6 0.7319711538461539 0.9146634615384616 0.054086538461538464 0.11658653846153846
4 0.6838942307692307 0.65625 0.04927884615384615 0.10096153846153846
6 0.8473557692307693 0.21634615384615385 0.07932692307692307 0.13581730769230768
4 0.7415865384615384 0.21394230769230768 0.06129807692307692 0.109375
3 0.6478365384615384 0.33774038461538464 0.0673076923076923 0.13221153846153846
3 0.6081730769230769 0.6574519230769231 0.052884615384615384 0.13341346153846154
5 0.5192307692307693 0.5805288461538461 0.0625 0.17427884615384615
4 0.5408653846153846 0.3317307692307692 0.055288461538461536 0.11177884615384616
4 0.5985576923076923 0.4543269230769231 0.04927884615384615 0.11057692307692307
4 0.5769230769230769 0.8257211538461539 0.04326923076923077 0.09975961538461539
4 0.5084134615384616 0.9098557692307693 0.037259615384615384 0.10216346153846154
4 0.5132211538461539 0.7379807692307693 0.04567307692307692 0.10216346153846154
4 0.3581730769230769 0.5492788461538461 0.046875 0.10697115384615384
1 0.359375 0.46153846153846156 0.056490384615384616 0.13822115384615385
8 0.1622596153846154 0.59375 0.07091346153846154 0.19471153846153846
12 0.1971153846153846 0.9122596153846154 0.051682692307692304 0.1201923076923077
9 0.35096153846153844 0.6706730769230769 0.05889423076923077 0.12860576923076922
9 0.15985576923076922 0.4543269230769231 0.06971153846153846 0.13221153846153846
7 0.18509615384615385 0.8485576923076923 0.052884615384615384 0.13942307692307693
7 0.14182692307692307 0.33774038461538464 0.0673076923076923 0.13822115384615385
10 0.27283653846153844 0.8353365384615384 0.04326923076923077 0.09254807692307693
10 0.25961538461538464 0.6646634615384616 0.05048076923076923 0.10096153846153846
10 0.24519230769230768 0.3317307692307692 0.057692307692307696 0.11538461538461539
10 0.25961538461538464 0.5625 0.05048076923076923 0.10576923076923077
10 0.41346153846153844 0.9134615384615384 0.04326923076923077 0.10096153846153846
10 0.4170673076923077 0.7548076923076923 0.04447115384615385 0.10576923076923077
10 0.43149038461538464 0.4423076923076923 0.046875 0.10697115384615384