2 0.2644230769230769 0.40024038461538464 0.08653846153846154 0.20552884615384615
6 0.14903846153846154 0.2548076923076923 0.07932692307692307 0.14903846153846154
3 0.5444711538461539 0.6141826923076923 0.07692307692307693 0.13822115384615385
5 0.38461538461538464 0.7079326923076923 0.06610576923076923 0.18389423076923078
4 0.30528846153846156 0.7752403846153846 0.054086538461538464 0.11778846153846154
4 0.4639423076923077 0.6995192307692307 0.05048076923076923 0.109375
4 0.36177884615384615 0.49038461538461536 0.05048076923076923 0.1141826923076923
12 0.3425480769230769 0.27884615384615385 0.07091346153846154 0.14423076923076922
9 0.47115384615384615 0.8713942307692307 0.0625 0.14302884615384615
8 0.7127403846153846 0.6418269230769231 0.07451923076923077 0.203125
12 0.7692307692307693 0.953125 0.06009615384615385 0.09375
11 0.6213942307692307 0.7199519230769231 0.056490384615384616 0.1778846153846154
10 0.5456730769230769 0.7055288461538461 0.056490384615384616 0.11899038461538461
10 0.6959134615384616 0.9507211538461539 0.05048076923076923 0.0985576923076923
10 0.6947115384615384 0.7980769230769231 0.052884615384615384 0.11177884615384616
10 0.7235576923076923 0.40024038461538464 0.057692307692307696 0.11177884615384616