2 0.7355769230769231 0.40024038461538464 0.08653846153846154 0.20552884615384615
6 0.8509615384615384 0.2548076923076923 0.07932692307692307 0.14903846153846154
3 0.45552884615384615 0.6141826923076923 0.07692307692307693 0.13822115384615385
5 0.6153846153846154 0.7079326923076923 0.06610576923076923 0.18389423076923078
4 0.6947115384615384 0.7752403846153846 0.054086538461538464 0.11778846153846154
4 0.5360576923076923 0.6995192307692307 0.05048076923076923 0.109375
4 0.6382211538461539 0.49038461538461536 0.05048076923076923 0.1141826923076923
12 0.6574519230769231 0.27884615384615385 0.07091346153846154 0.14423076923076922
9 0.5288461538461539 0.8713942307692307 0.0625 0.14302884615384615
8 0.28725961538461536 0.6418269230769231 0.07451923076923077 0.203125
12 0.23076923076923078 0.953125 0.06009615384615385 0.09375
11 0.3786057692307692 0.7199519230769231 0.056490384615384616 0.1778846153846154
10 0.4543269230769231 0.7055288461538461 0.056490384615384616 0.11899038461538461
10 0.30408653846153844 0.9507211538461539 0.05048076923076923 0.0985576923076923
10 0.30528846153846156 0.7980769230769231 0.052884615384615384 0.11177884615384616
10 0.2764423076923077 0.40024038461538464 0.057692307692307696 0.11177884615384616