6 0.15384615384615385 0.21754807692307693 0.07692307692307693 0.14182692307692307
2 0.3425480769230769 0.25600961538461536 0.08052884615384616 0.20793269230769232
5 0.4074519230769231 0.671875 0.07091346153846154 0.17548076923076922
4 0.3245192307692308 0.7463942307692307 0.05048076923076923 0.10576923076923077
4 0.37740384615384615 0.4543269230769231 0.057692307692307696 0.11057692307692307
4 0.48677884615384615 0.6634615384615384 0.05048076923076923 0.109375
8 0.6490384615384616 0.5925480769230769 0.07692307692307693 0.19831730769230768
12 0.8245192307692307 0.75 0.06610576923076923 0.12259615384615384
10 0.7307692307692307 0.9110576923076923 0.056490384615384616 0.1045673076923077
10 0.6442307692307693 0.8185096153846154 0.052884615384615384 0.109375
10 0.5709134615384616 0.6598557692307693 0.052884615384615384 0.10817307692307693
10 0.7463942307692307 0.3293269230769231 0.06009615384615385 0.12259615384615384