9 0.2439903846153846 0.35697115384615385 0.06971153846153846 0.15985576923076922
2 0.7692307692307693 0.6971153846153846 0.08173076923076923 0.203125
6 0.5721153846153846 0.9182692307692307 0.057692307692307696 0.1310096153846154
1 0.5060096153846154 0.7692307692307693 0.057692307692307696 0.1466346153846154
4 0.41947115384615385 0.8197115384615384 0.05048076923076923 0.10576923076923077
4 0.6850961538461539 0.6526442307692307 0.046875 0.11298076923076923
4 0.6069711538461539 0.46033653846153844 0.054086538461538464 0.12139423076923077
4 0.5420673076923077 0.33413461538461536 0.055288461538461536 0.11658653846153846
9 0.453125 0.35336538461538464 0.07091346153846154 0.15625
7 0.43990384615384615 0.5709134615384616 0.06009615384615385 0.15625
8 0.16346153846153846 0.6983173076923077 0.07572115384615384 0.20793269230769232
12 0.4338942307692308 0.921875 0.055288461538461536 0.12860576923076922
11 0.34615384615384615 0.8509615384615384 0.05889423076923077 0.17668269230769232
10 0.27283653846153844 0.8317307692307693 0.051682692307692304 0.109375
10 0.25961538461538464 0.6586538461538461 0.06009615384615385 0.11057692307692307
10 0.3485576923076923 0.6682692307692307 0.055288461538461536 0.11538461538461539
10 0.35697115384615385 0.4423076923076923 0.056490384615384616 0.125