9 0.23798076923076922 0.21033653846153846 0.0889423076923077 0.15985576923076922
7 0.4387019230769231 0.5709134615384616 0.06610576923076923 0.15865384615384615
11 0.3473557692307692 0.8521634615384616 0.06129807692307692 0.18389423076923078
8 0.16466346153846154 0.6983173076923077 0.07932692307692307 0.22235576923076922
12 0.19471153846153846 0.9110576923076923 0.06129807692307692 0.1310096153846154
10 0.27403846153846156 0.828125 0.052884615384615384 0.109375
10 0.2548076923076923 0.6622596153846154 0.057692307692307696 0.109375
10 0.25961538461538464 0.5637019230769231 0.06129807692307692 0.11177884615384616
10 0.3545673076923077 0.44350961538461536 0.06490384615384616 0.12259615384615384
2 0.7680288461538461 0.703125 0.0889423076923077 0.21394230769230768
6 0.5721153846153846 0.9122596153846154 0.052884615384615384 0.12740384615384615
6 0.35096153846153844 0.6574519230769231 0.0625 0.13701923076923078
3 0.3473557692307692 0.5637019230769231 0.06850961538461539 0.1502403846153846
3 0.24519230769230768 0.359375 0.06610576923076923 0.16105769230769232
1 0.5084134615384616 0.7632211538461539 0.06009615384615385 0.15625
4 0.41586538461538464 0.8197115384615384 0.051682692307692304 0.10817307692307693
4 0.6838942307692307 0.6586538461538461 0.051682692307692304 0.10576923076923077
4 0.6081730769230769 0.46153846153846156 0.056490384615384616 0.12259615384615384
4 0.5444711538461539 0.3329326923076923 0.057692307692307696 0.11778846153846154