9 0.7620192307692307 0.21033653846153846 0.0889423076923077 0.15985576923076922
7 0.5612980769230769 0.5709134615384616 0.06610576923076923 0.15865384615384615
11 0.6526442307692307 0.8521634615384616 0.06129807692307692 0.18389423076923078
8 0.8353365384615384 0.6983173076923077 0.07932692307692307 0.22235576923076922
12 0.8052884615384616 0.9110576923076923 0.06129807692307692 0.1310096153846154
10 0.7259615384615384 0.828125 0.052884615384615384 0.109375
10 0.7451923076923077 0.6622596153846154 0.057692307692307696 0.109375
10 0.7403846153846154 0.5637019230769231 0.06129807692307692 0.11177884615384616
10 0.6454326923076923 0.44350961538461536 0.06490384615384616 0.12259615384615384
2 0.23197115384615385 0.703125 0.0889423076923077 0.21394230769230768
6 0.42788461538461536 0.9122596153846154 0.052884615384615384 0.12740384615384615
6 0.6490384615384616 0.6574519230769231 0.0625 0.13701923076923078
3 0.6526442307692307 0.5637019230769231 0.06850961538461539 0.1502403846153846
3 0.7548076923076923 0.359375 0.06610576923076923 0.16105769230769232
1 0.49158653846153844 0.7632211538461539 0.06009615384615385 0.15625
4 0.5841346153846154 0.8197115384615384 0.051682692307692304 0.10817307692307693
4 0.3161057692307692 0.6586538461538461 0.051682692307692304 0.10576923076923077
4 0.3918269230769231 0.46153846153846156 0.056490384615384616 0.12259615384615384
4 0.45552884615384615 0.3329326923076923 0.057692307692307696 0.11778846153846154