11 0.65625 0.8533653846153846 0.06850961538461539 0.18028846153846154
12 0.8016826923076923 0.9086538461538461 0.06370192307692307 0.12980769230769232
7 0.8112980769230769 0.8497596153846154 0.0625 0.14543269230769232
8 0.8341346153846154 0.6935096153846154 0.07451923076923077 0.20552884615384615
9 0.7608173076923077 0.21153846153846154 0.08413461538461539 0.1622596153846154
10 0.7283653846153846 0.8365384615384616 0.054086538461538464 0.109375
10 0.7427884615384616 0.6622596153846154 0.052884615384615384 0.10697115384615384
10 0.7403846153846154 0.5649038461538461 0.0625 0.11177884615384616
10 0.640625 0.4375 0.06009615384615385 0.11538461538461539
2 0.2283653846153846 0.6995192307692307 0.08533653846153846 0.20192307692307693
6 0.4266826923076923 0.9194711538461539 0.06009615384615385 0.12980769230769232
1 0.49399038461538464 0.7704326923076923 0.0625 0.15384615384615385
6 0.4891826923076923 0.6550480769230769 0.0625 0.125
3 0.6490384615384616 0.5697115384615384 0.0733173076923077 0.15985576923076922
3 0.7584134615384616 0.3605769230769231 0.07211538461538461 0.15625
4 0.5817307692307693 0.8233173076923077 0.04927884615384615 0.11177884615384616
4 0.4579326923076923 0.33413461538461536 0.057692307692307696 0.1141826923076923
4 0.31490384615384615 0.6586538461538461 0.052884615384615384 0.11177884615384616
4 0.390625 0.45913461538461536 0.054086538461538464 0.11298076923076923