12 0.4387019230769231 0.7463942307692307 0.057692307692307696 0.12860576923076922
8 0.35216346153846156 0.5889423076923077 0.0733173076923077 0.20192307692307693
10 0.4266826923076923 0.6598557692307693 0.052884615384615384 0.11057692307692307
10 0.3545673076923077 0.8209134615384616 0.052884615384615384 0.109375
10 0.2692307692307692 0.9110576923076923 0.051682692307692304 0.10576923076923077
10 0.2548076923076923 0.3269230769230769 0.05889423076923077 0.11538461538461539
2 0.6574519230769231 0.25240384615384615 0.08173076923076923 0.20793269230769232
6 0.8461538461538461 0.21514423076923078 0.078125 0.13942307692307693
5 0.59375 0.6754807692307693 0.06370192307692307 0.1814903846153846
4 0.6766826923076923 0.7451923076923077 0.04326923076923077 0.10576923076923077
4 0.5132211538461539 0.6622596153846154 0.04567307692307692 0.10576923076923077
4 0.6225961538461539 0.453125 0.052884615384615384 0.11177884615384616