2 0.23076923076923078 0.6983173076923077 0.07211538461538461 0.18870192307692307
5 0.2091346153846154 0.5961538461538461 0.0733173076923077 0.16826923076923078
3 0.18509615384615385 0.46033653846153844 0.06971153846153846 0.125
3 0.23317307692307693 0.7536057692307693 0.06370192307692307 0.1201923076923077
1 0.17668269230769232 0.3449519230769231 0.06610576923076923 0.13942307692307693
1 0.25841346153846156 0.8449519230769231 0.05048076923076923 0.13822115384615385
6 0.27283653846153844 0.9158653846153846 0.054086538461538464 0.11538461538461539
6 0.15144230769230768 0.21394230769230768 0.078125 0.13341346153846154
4 0.25600961538461536 0.21394230769230768 0.056490384615384616 0.10817307692307693
4 0.2764423076923077 0.3545673076923077 0.052884615384615384 0.10817307692307693
4 0.3004807692307692 0.4543269230769231 0.051682692307692304 0.10216346153846154
4 0.30408653846153844 0.5697115384615384 0.04807692307692308 0.09975961538461539
4 0.32211538461538464 0.65625 0.056490384615384616 0.10096153846153846
4 0.3245192307692308 0.7307692307692307 0.04807692307692308 0.10096153846153846
4 0.34615384615384615 0.8209134615384616 0.046875 0.0985576923076923
4 0.3473557692307692 0.9098557692307693 0.042067307692307696 0.10096153846153846
11 0.8233173076923077 0.6730769230769231 0.06850961538461539 0.17427884615384615
8 0.8389423076923077 0.5925480769230769 0.07451923076923077 0.19471153846153846
9 0.8305288461538461 0.7536057692307693 0.06009615384615385 0.12139423076923077
9 0.8425480769230769 0.4567307692307692 0.078125 0.13701923076923078
7 0.8149038461538461 0.8533653846153846 0.05889423076923077 0.14302884615384615
7 0.859375 0.33774038461538464 0.06850961538461539 0.14302884615384615
12 0.8052884615384616 0.9086538461538461 0.056490384615384616 0.11658653846153846
12 0.8665865384615384 0.19230769230769232 0.07692307692307693 0.13822115384615385
10 0.7331730769230769 0.9086538461538461 0.04927884615384615 0.09975961538461539
10 0.7271634615384616 0.8305288461538461 0.04807692307692308 0.1045673076923077
10 0.7391826923076923 0.7439903846153846 0.05048076923076923 0.10336538461538461
10 0.7415865384615384 0.6598557692307693 0.052884615384615384 0.10216346153846154
10 0.7403846153846154 0.5625 0.056490384615384616 0.109375
10 0.7608173076923077 0.1971153846153846 0.06129807692307692 0.109375
10 0.7560096153846154 0.33533653846153844 0.05889423076923077 0.11658653846153846
10 0.5685096153846154 0.4423076923076923 0.052884615384615384 0.11298076923076923