6 0.8485576923076923 0.21875 0.07692307692307693 0.13701923076923078
2 0.7680288461538461 0.7007211538461539 0.07451923076923077 0.20432692307692307
6 0.7331730769230769 0.9146634615384616 0.055288461538461536 0.12139423076923077
5 0.5180288461538461 0.5769230769230769 0.06009615384615385 0.17668269230769232
3 0.6358173076923077 0.34375 0.06370192307692307 0.14903846153846154
3 0.5961538461538461 0.6646634615384616 0.055288461538461536 0.13822115384615385
4 0.7427884615384616 0.21754807692307693 0.056490384615384616 0.11778846153846154
4 0.6057692307692307 0.46153846153846156 0.051682692307692304 0.1045673076923077
4 0.5420673076923077 0.33413461538461536 0.052884615384615384 0.109375
4 0.6850961538461539 0.6538461538461539 0.05048076923076923 0.10697115384615384
4 0.5144230769230769 0.7355769230769231 0.052884615384615384 0.10697115384615384
4 0.5757211538461539 0.8257211538461539 0.051682692307692304 0.10576923076923077
1 0.6514423076923077 0.9206730769230769 0.052884615384615384 0.13701923076923078
1 0.3581730769230769 0.4567307692307692 0.057692307692307696 0.14423076923076922
7 0.18389423076923078 0.8485576923076923 0.06009615384615385 0.13942307692307693
12 0.1971153846153846 0.9098557692307693 0.051682692307692304 0.11778846153846154
8 0.1622596153846154 0.5949519230769231 0.07451923076923077 0.1971153846153846
11 0.34375 0.8533653846153846 0.0625 0.17908653846153846
9 0.34975961538461536 0.6694711538461539 0.06009615384615385 0.13341346153846154
9 0.1622596153846154 0.4543269230769231 0.0733173076923077 0.1346153846153846
7 0.14302884615384615 0.3389423076923077 0.06971153846153846 0.14423076923076922
10 0.25 0.33052884615384615 0.055288461538461536 0.11298076923076923
10 0.25841346153846156 0.5600961538461539 0.0625 0.10817307692307693
10 0.25841346153846156 0.6610576923076923 0.05048076923076923 0.11057692307692307
10 0.27283653846153844 0.828125 0.052884615384615384 0.109375
10 0.41346153846153844 0.9134615384615384 0.04927884615384615 0.10697115384615384
10 0.41947115384615385 0.7536057692307693 0.05048076923076923 0.1045673076923077