12 0.3545673076923077 0.22235576923076922 0.07091346153846154 0.140625
6 0.15504807692307693 0.21995192307692307 0.07451923076923077 0.13581730769230768
2 0.27524038461538464 0.3629807692307692 0.08173076923076923 0.2091346153846154
5 0.40625 0.6730769230769231 0.06971153846153846 0.17668269230769232
4 0.3233173076923077 0.7451923076923077 0.046875 0.10576923076923077
4 0.3798076923076923 0.45072115384615385 0.055288461538461536 0.11538461538461539
4 0.4879807692307692 0.6622596153846154 0.04927884615384615 0.10216346153846154
6 0.734375 0.4579326923076923 0.0625 0.14182692307692307
8 0.6466346153846154 0.5901442307692307 0.07572115384615384 0.19471153846153846
12 0.8257211538461539 0.7475961538461539 0.0673076923076923 0.12620192307692307
10 0.5709134615384616 0.6610576923076923 0.05048076923076923 0.10817307692307693
10 0.6442307692307693 0.8161057692307693 0.04807692307692308 0.10817307692307693
10 0.7319711538461539 0.9122596153846154 0.04927884615384615 0.1045673076923077
10 0.7451923076923077 0.3293269230769231 0.06009615384615385 0.109375