5 0.5985576923076923 0.7091346153846154 0.06971153846153846 0.17668269230769232
2 0.8052884615384616 0.5180288461538461 0.08413461538461539 0.20552884615384615
6 0.8365384615384616 0.26802884615384615 0.08052884615384616 0.1466346153846154
4 0.6959134615384616 0.5949519230769231 0.05048076923076923 0.11177884615384616
4 0.6754807692307693 0.7728365384615384 0.052884615384615384 0.09975961538461539
4 0.6622596153846154 0.8545673076923077 0.046875 0.09975961538461539
4 0.5204326923076923 0.9326923076923077 0.04567307692307692 0.0985576923076923
4 0.515625 0.6983173076923077 0.05048076923076923 0.1141826923076923
4 0.6237980769230769 0.4963942307692308 0.05889423076923077 0.11778846153846154
3 0.43990384615384615 0.6057692307692307 0.06370192307692307 0.13701923076923078
12 0.20552884615384615 0.9447115384615384 0.06009615384615385 0.11057692307692307
12 0.25600961538461536 0.25600961538461536 0.06610576923076923 0.13701923076923078
8 0.2668269230769231 0.6310096153846154 0.07572115384615384 0.19831730769230768
9 0.5084134615384616 0.8617788461538461 0.054086538461538464 0.14302884615384615
9 0.1658653846153846 0.39663461538461536 0.07692307692307693 0.14423076923076922
7 0.4411057692307692 0.39663461538461536 0.06129807692307692 0.13822115384615385
11 0.3629807692307692 0.7091346153846154 0.0625 0.1778846153846154
10 0.43509615384615385 0.6971153846153846 0.05048076923076923 0.1045673076923077
10 0.2848557692307692 0.9423076923076923 0.052884615384615384 0.10697115384615384
10 0.2860576923076923 0.7824519230769231 0.05048076923076923 0.10576923076923077
10 0.2608173076923077 0.38341346153846156 0.05889423076923077 0.1141826923076923
10 0.44711538461538464 0.2620192307692308 0.0625 0.11538461538461539