5 0.21634615384615385 0.703125 0.06850961538461539 0.15264423076923078
2 0.2091346153846154 0.6310096153846154 0.07572115384615384 0.18629807692307693
1 0.23677884615384615 0.7860576923076923 0.054086538461538464 0.12379807692307693
1 0.19591346153846154 0.5036057692307693 0.06009615384615385 0.1310096153846154
3 0.25240384615384615 0.8629807692307693 0.056490384615384616 0.1141826923076923
3 0.17307692307692307 0.3918269230769231 0.07451923076923077 0.12259615384615384
6 0.25721153846153844 0.9338942307692307 0.04927884615384615 0.10096153846153846
6 0.15745192307692307 0.26322115384615385 0.07211538461538461 0.12620192307692307
4 0.34134615384615385 0.9362980769230769 0.042067307692307696 0.09375
4 0.33533653846153844 0.8569711538461539 0.040865384615384616 0.09615384615384616
4 0.3233173076923077 0.7740384615384616 0.042067307692307696 0.09615384615384616
4 0.3125 0.6911057692307693 0.04326923076923077 0.0985576923076923
4 0.3016826923076923 0.5961538461538461 0.04927884615384615 0.09375
4 0.28846153846153844 0.49278846153846156 0.046875 0.10576923076923077
4 0.27403846153846156 0.38461538461538464 0.05048076923076923 0.10216346153846154
4 0.2608173076923077 0.26322115384615385 0.054086538461538464 0.10216346153846154
11 0.8112980769230769 0.7223557692307693 0.06370192307692307 0.16947115384615385
8 0.8269230769230769 0.6358173076923077 0.0673076923076923 0.18870192307692307
7 0.8401442307692307 0.5096153846153846 0.056490384615384616 0.13581730769230768
7 0.8076923076923077 0.7944711538461539 0.051682692307692304 0.12980769230769232
9 0.8004807692307693 0.8725961538461539 0.054086538461538464 0.11778846153846154
9 0.8449519230769231 0.37740384615384615 0.06850961538461539 0.12980769230769232
10 0.7463942307692307 0.25961538461538464 0.056490384615384616 0.1045673076923077
10 0.7391826923076923 0.38341346153846156 0.0625 0.10336538461538461
10 0.7355769230769231 0.4855769230769231 0.052884615384615384 0.0985576923076923
10 0.7235576923076923 0.5877403846153846 0.05048076923076923 0.10096153846153846
10 0.7223557692307693 0.6899038461538461 0.052884615384615384 0.0985576923076923
10 0.7139423076923077 0.7740384615384616 0.04326923076923077 0.09375
10 0.7139423076923077 0.8605769230769231 0.04567307692307692 0.0889423076923077
10 0.7139423076923077 0.9399038461538461 0.04447115384615385 0.0985576923076923
12 0.7908653846153846 0.9471153846153846 0.04807692307692308 0.1045673076923077
12 0.8569711538461539 0.2548076923076923 0.0673076923076923 0.140625