2 0.25961538461538464 0.4014423076923077 0.08413461538461539 0.1971153846153846
6 0.14423076923076922 0.2608173076923077 0.06850961538461539 0.13942307692307693
12 0.3449519230769231 0.27884615384615385 0.06610576923076923 0.13942307692307693
9 0.4699519230769231 0.8701923076923077 0.05048076923076923 0.13822115384615385
5 0.38221153846153844 0.7091346153846154 0.06971153846153846 0.17668269230769232
4 0.30288461538461536 0.7728365384615384 0.04567307692307692 0.10216346153846154
4 0.2824519230769231 0.5949519230769231 0.055288461538461536 0.10576923076923077
4 0.359375 0.4963942307692308 0.051682692307692304 0.10817307692307693
4 0.46274038461538464 0.7019230769230769 0.04807692307692308 0.10817307692307693
3 0.5408653846153846 0.609375 0.0625 0.13581730769230768
10 0.5444711538461539 0.7055288461538461 0.04927884615384615 0.10096153846153846
11 0.6189903846153846 0.7151442307692307 0.06971153846153846 0.171875
8 0.7151442307692307 0.6442307692307693 0.07211538461538461 0.19471153846153846
12 0.7680288461538461 0.9507211538461539 0.06009615384615385 0.0985576923076923
10 0.6935096153846154 0.953125 0.04567307692307692 0.09375
10 0.6923076923076923 0.7956730769230769 0.05048076923076923 0.1045673076923077
10 0.7247596153846154 0.39663461538461536 0.057692307692307696 0.11298076923076923