6 0.3557692307692308 0.22956730769230768 0.0733173076923077 0.13822115384615385
6 0.15264423076923078 0.21995192307692307 0.07572115384615384 0.14182692307692307
2 0.27884615384615385 0.36177884615384615 0.09014423076923077 0.20432692307692307
5 0.4074519230769231 0.6754807692307693 0.06129807692307692 0.17548076923076922
4 0.32211538461538464 0.7451923076923077 0.04927884615384615 0.11538461538461539
4 0.3762019230769231 0.45072115384615385 0.056490384615384616 0.1201923076923077
4 0.49038461538461536 0.6622596153846154 0.04807692307692308 0.10817307692307693
3 0.7331730769230769 0.4579326923076923 0.07211538461538461 0.14423076923076922
8 0.7403846153846154 0.5889423076923077 0.07211538461538461 0.20072115384615385
10 0.7439903846153846 0.3293269230769231 0.057692307692307696 0.11177884615384616
12 0.8245192307692307 0.75 0.06490384615384616 0.11778846153846154
10 0.7307692307692307 0.9122596153846154 0.05048076923076923 0.10336538461538461
10 0.6454326923076923 0.8209134615384616 0.05048076923076923 0.10697115384615384
10 0.5697115384615384 0.6574519230769231 0.05048076923076923 0.11057692307692307