2 0.7680288461538461 0.7019230769230769 0.08173076923076923 0.2091346153846154
1 0.5997596153846154 0.8413461538461539 0.057692307692307696 0.14182692307692307
6 0.5709134615384616 0.9206730769230769 0.054086538461538464 0.12860576923076922
6 0.5036057692307693 0.8353365384615384 0.05889423076923077 0.12740384615384615
4 0.6850961538461539 0.6586538461538461 0.04807692307692308 0.11177884615384616
4 0.7415865384615384 0.21514423076923078 0.0625 0.1201923076923077
4 0.6081730769230769 0.4639423076923077 0.055288461538461536 0.12259615384615384
4 0.5420673076923077 0.33774038461538464 0.0625 0.12740384615384615
4 0.4182692307692308 0.8233173076923077 0.04807692307692308 0.1045673076923077
3 0.4411057692307692 0.75 0.06610576923076923 0.13701923076923078
3 0.24639423076923078 0.359375 0.08052884615384616 0.1502403846153846
8 0.16466346153846154 0.5925480769230769 0.08052884615384616 0.20552884615384615
7 0.18509615384615385 0.8473557692307693 0.07211538461538461 0.14302884615384615
7 0.3557692307692308 0.5757211538461539 0.0673076923076923 0.1502403846153846
12 0.1971153846153846 0.9026442307692307 0.06490384615384616 0.1346153846153846
11 0.3449519230769231 0.8509615384615384 0.07091346153846154 0.1814903846153846
9 0.23557692307692307 0.21153846153846154 0.078125 0.16466346153846154
10 0.27403846153846156 0.8377403846153846 0.052884615384615384 0.1141826923076923
10 0.25841346153846156 0.6622596153846154 0.057692307692307696 0.1045673076923077
10 0.25961538461538464 0.5637019230769231 0.06610576923076923 0.11538461538461539
10 0.3557692307692308 0.43149038461538464 0.0625 0.12740384615384615