8 0.8329326923076923 0.6995192307692307 0.08052884615384616 0.21153846153846154
10 0.7235576923076923 0.828125 0.05889423076923077 0.10697115384615384
10 0.7391826923076923 0.6574519230769231 0.06129807692307692 0.11658653846153846
12 0.5637019230769231 0.6658653846153846 0.06129807692307692 0.13822115384615385
7 0.5564903846153846 0.5649038461538461 0.06610576923076923 0.14903846153846154
10 0.6430288461538461 0.4375 0.06490384615384616 0.11899038461538461
11 0.22596153846153846 0.6838942307692307 0.07572115384615384 0.1814903846153846
2 0.30528846153846156 0.6911057692307693 0.08173076923076923 0.203125
6 0.7283653846153846 0.9278846153846154 0.06129807692307692 0.125
4 0.6526442307692307 0.5564903846153846 0.055288461538461536 0.11778846153846154
4 0.4579326923076923 0.33533653846153844 0.06370192307692307 0.11899038461538461
4 0.4110576923076923 0.6574519230769231 0.052884615384615384 0.11778846153846154