2 0.7692307692307693 0.7019230769230769 0.08173076923076923 0.21033653846153846
1 0.5985576923076923 0.84375 0.05048076923076923 0.14182692307692307
6 0.5721153846153846 0.921875 0.0625 0.1310096153846154
6 0.5216346153846154 0.5637019230769231 0.07091346153846154 0.15745192307692307
4 0.6826923076923077 0.6598557692307693 0.057692307692307696 0.11658653846153846
4 0.7439903846153846 0.22355769230769232 0.06129807692307692 0.12259615384615384
4 0.5456730769230769 0.3329326923076923 0.06370192307692307 0.125
4 0.6081730769230769 0.4651442307692308 0.055288461538461536 0.12740384615384615
4 0.41586538461538464 0.8197115384615384 0.05048076923076923 0.10576923076923077
4 0.49278846153846156 0.8245192307692307 0.055288461538461536 0.10697115384615384
3 0.5973557692307693 0.6658653846153846 0.06610576923076923 0.15264423076923078
3 0.44350961538461536 0.22355769230769232 0.07091346153846154 0.16466346153846154
11 0.3473557692307692 0.8545673076923077 0.06610576923076923 0.1814903846153846
9 0.23557692307692307 0.21033653846153846 0.08653846153846154 0.1622596153846154
12 0.19831730769230768 0.9122596153846154 0.06370192307692307 0.12740384615384615
7 0.3557692307692308 0.5721153846153846 0.0673076923076923 0.15504807692307693
7 0.18990384615384615 0.8497596153846154 0.06370192307692307 0.16105769230769232
8 0.15865384615384615 0.5913461538461539 0.09375 0.20552884615384615
10 0.41225961538461536 0.9170673076923077 0.057692307692307696 0.11057692307692307
10 0.27403846153846156 0.8353365384615384 0.055288461538461536 0.1141826923076923
10 0.25841346153846156 0.6646634615384616 0.04927884615384615 0.11298076923076923
10 0.25961538461538464 0.5625 0.05889423076923077 0.11778846153846154
10 0.3557692307692308 0.4411057692307692 0.06490384615384616 0.12379807692307693