11 0.3449519230769231 0.8533653846153846 0.07091346153846154 0.18389423076923078
8 0.16346153846153846 0.5913461538461539 0.08533653846153846 0.21995192307692307
12 0.19831730769230768 0.9134615384615384 0.0625 0.1310096153846154
7 0.18629807692307693 0.8533653846153846 0.06370192307692307 0.15144230769230768
7 0.35336538461538464 0.5721153846153846 0.07211538461538461 0.15264423076923078
9 0.234375 0.2127403846153846 0.08774038461538461 0.1778846153846154
10 0.41466346153846156 0.9134615384615384 0.04807692307692308 0.11298076923076923
10 0.27283653846153844 0.8365384615384616 0.057692307692307696 0.12139423076923077
10 0.25961538461538464 0.6586538461538461 0.056490384615384616 0.12139423076923077
10 0.25841346153846156 0.5637019230769231 0.06610576923076923 0.12259615384615384
10 0.3581730769230769 0.4362980769230769 0.056490384615384616 0.12379807692307693
2 0.7704326923076923 0.7019230769230769 0.08173076923076923 0.19951923076923078
1 0.5961538461538461 0.8425480769230769 0.05048076923076923 0.1466346153846154
3 0.43990384615384615 0.22596153846153846 0.07572115384615384 0.16826923076923078
3 0.4375 0.7536057692307693 0.0733173076923077 0.1346153846153846
6 0.5685096153846154 0.9194711538461539 0.06009615384615385 0.12620192307692307
6 0.5228365384615384 0.5637019230769231 0.06490384615384616 0.13581730769230768
4 0.7439903846153846 0.21754807692307693 0.06129807692307692 0.12259615384615384
4 0.41586538461538464 0.8197115384615384 0.052884615384615384 0.10576923076923077
4 0.49158653846153844 0.8269230769230769 0.051682692307692304 0.1045673076923077
4 0.6838942307692307 0.6586538461538461 0.04807692307692308 0.11057692307692307
4 0.6081730769230769 0.46033653846153844 0.056490384615384616 0.12259615384615384
4 0.5420673076923077 0.33653846153846156 0.06129807692307692 0.11778846153846154