1 0.7091346153846154 0.3918269230769231 0.06009615384615385 0.14783653846153846
6 0.5865384615384616 0.9338942307692307 0.055288461538461536 0.11177884615384616
6 0.8377403846153846 0.27163461538461536 0.06610576923076923 0.1346153846153846
2 0.7896634615384616 0.6346153846153846 0.07932692307692307 0.1971153846153846
5 0.5973557692307693 0.7115384615384616 0.057692307692307696 0.16466346153846154
1 0.5276442307692307 0.5036057692307693 0.052884615384615384 0.13581730769230768
4 0.6754807692307693 0.7716346153846154 0.04567307692307692 0.09735576923076923
4 0.6658653846153846 0.8545673076923077 0.039663461538461536 0.09375
4 0.6971153846153846 0.5985576923076923 0.046875 0.10817307692307693
4 0.7079326923076923 0.4951923076923077 0.05048076923076923 0.10096153846153846
4 0.6442307692307693 0.25600961538461536 0.051682692307692304 0.11538461538461539
4 0.6153846153846154 0.3858173076923077 0.051682692307692304 0.10216346153846154
4 0.515625 0.6995192307692307 0.04567307692307692 0.0985576923076923
4 0.5192307692307693 0.9314903846153846 0.042067307692307696 0.10336538461538461
3 0.5877403846153846 0.8701923076923077 0.054086538461538464 0.12980769230769232
3 0.43990384615384615 0.6045673076923077 0.06490384615384616 0.13341346153846154
11 0.1875 0.7235576923076923 0.06971153846153846 0.17548076923076922
8 0.171875 0.6370192307692307 0.0733173076923077 0.19471153846153846
12 0.25240384615384615 0.2644230769230769 0.06370192307692307 0.13822115384615385
12 0.20673076923076922 0.9471153846153846 0.06009615384615385 0.10576923076923077
7 0.36177884615384615 0.9435096153846154 0.04567307692307692 0.11177884615384616
7 0.15745192307692307 0.5144230769230769 0.0625 0.13701923076923078
9 0.3641826923076923 0.8016826923076923 0.055288461538461536 0.13822115384615385
9 0.1658653846153846 0.39663461538461536 0.06850961538461539 0.14302884615384615
10 0.4362980769230769 0.6983173076923077 0.042067307692307696 0.10216346153846154
10 0.42908653846153844 0.8617788461538461 0.04807692307692308 0.1045673076923077
10 0.28365384615384615 0.9435096153846154 0.046875 0.10216346153846154
10 0.28125 0.7776442307692307 0.04807692307692308 0.09975961538461539
10 0.27283653846153844 0.59375 0.055288461538461536 0.09735576923076923
10 0.2644230769230769 0.49038461538461536 0.046875 0.1045673076923077
10 0.2644230769230769 0.3858173076923077 0.054086538461538464 0.11177884615384616
10 0.4483173076923077 0.2644230769230769 0.055288461538461536 0.1141826923076923