1 0.29086538461538464 0.3918269230769231 0.06009615384615385 0.14783653846153846
6 0.41346153846153844 0.9338942307692307 0.055288461538461536 0.11177884615384616
6 0.1622596153846154 0.27163461538461536 0.06610576923076923 0.1346153846153846
2 0.21033653846153846 0.6346153846153846 0.07932692307692307 0.1971153846153846
5 0.4026442307692308 0.7115384615384616 0.057692307692307696 0.16466346153846154
1 0.4723557692307692 0.5036057692307693 0.052884615384615384 0.13581730769230768
4 0.3245192307692308 0.7716346153846154 0.04567307692307692 0.09735576923076923
4 0.33413461538461536 0.8545673076923077 0.039663461538461536 0.09375
4 0.30288461538461536 0.5985576923076923 0.046875 0.10817307692307693
4 0.2920673076923077 0.4951923076923077 0.05048076923076923 0.10096153846153846
4 0.3557692307692308 0.25600961538461536 0.051682692307692304 0.11538461538461539
4 0.38461538461538464 0.3858173076923077 0.051682692307692304 0.10216346153846154
4 0.484375 0.6995192307692307 0.04567307692307692 0.0985576923076923
4 0.4807692307692308 0.9314903846153846 0.042067307692307696 0.10336538461538461
3 0.41225961538461536 0.8701923076923077 0.054086538461538464 0.12980769230769232
3 0.5600961538461539 0.6045673076923077 0.06490384615384616 0.13341346153846154
11 0.8125 0.7235576923076923 0.06971153846153846 0.17548076923076922
8 0.828125 0.6370192307692307 0.0733173076923077 0.19471153846153846
12 0.7475961538461539 0.2644230769230769 0.06370192307692307 0.13822115384615385
12 0.7932692307692307 0.9471153846153846 0.06009615384615385 0.10576923076923077
7 0.6382211538461539 0.9435096153846154 0.04567307692307692 0.11177884615384616
7 0.8425480769230769 0.5144230769230769 0.0625 0.13701923076923078
9 0.6358173076923077 0.8016826923076923 0.055288461538461536 0.13822115384615385
9 0.8341346153846154 0.39663461538461536 0.06850961538461539 0.14302884615384615
10 0.5637019230769231 0.6983173076923077 0.042067307692307696 0.10216346153846154
10 0.5709134615384616 0.8617788461538461 0.04807692307692308 0.1045673076923077
10 0.7163461538461539 0.9435096153846154 0.046875 0.10216346153846154
10 0.71875 0.7776442307692307 0.04807692307692308 0.09975961538461539
10 0.7271634615384616 0.59375 0.055288461538461536 0.09735576923076923
10 0.7355769230769231 0.49038461538461536 0.046875 0.1045673076923077
10 0.7355769230769231 0.3858173076923077 0.054086538461538464 0.11177884615384616
10 0.5516826923076923 0.2644230769230769 0.055288461538461536 0.1141826923076923