5 0.5204326923076923 0.5793269230769231 0.06971153846153846 0.17548076923076922
2 0.7704326923076923 0.7019230769230769 0.08052884615384616 0.21033653846153846
6 0.7884615384615384 0.5625 0.07091346153846154 0.1346153846153846
4 0.7427884615384616 0.21394230769230768 0.06490384615384616 0.11899038461538461
4 0.6838942307692307 0.65625 0.05048076923076923 0.109375
4 0.5132211538461539 0.7379807692307693 0.04807692307692308 0.11778846153846154
4 0.5420673076923077 0.33413461538461536 0.05889423076923077 0.12379807692307693
4 0.6057692307692307 0.46153846153846156 0.057692307692307696 0.11538461538461539
4 0.49038461538461536 0.8305288461538461 0.051682692307692304 0.11177884615384616
6 0.5697115384615384 0.9158653846153846 0.055288461538461536 0.12379807692307693
1 0.5985576923076923 0.8425480769230769 0.052884615384615384 0.14903846153846154
1 0.35096153846153844 0.46153846153846156 0.07932692307692307 0.1466346153846154
9 0.35216346153846156 0.6790865384615384 0.06129807692307692 0.1346153846153846
9 0.23918269230769232 0.2091346153846154 0.0829326923076923 0.15264423076923078
12 0.19951923076923078 0.9122596153846154 0.06129807692307692 0.12860576923076922
11 0.3449519230769231 0.8497596153846154 0.06971153846153846 0.17307692307692307
8 0.16346153846153846 0.59375 0.09134615384615384 0.2127403846153846
7 0.18509615384615385 0.8497596153846154 0.0625 0.14543269230769232
7 0.35697115384615385 0.5709134615384616 0.06610576923076923 0.14543269230769232
10 0.41346153846153844 0.9122596153846154 0.04927884615384615 0.1045673076923077
10 0.41586538461538464 0.7560096153846154 0.054086538461538464 0.11177884615384616
10 0.27283653846153844 0.8353365384615384 0.052884615384615384 0.11057692307692307
10 0.2608173076923077 0.6646634615384616 0.055288461538461536 0.11658653846153846
10 0.2608173076923077 0.5625 0.06129807692307692 0.11177884615384616
10 0.24759615384615385 0.33774038461538464 0.06490384615384616 0.1201923076923077