5 0.4795673076923077 0.5793269230769231 0.06971153846153846 0.17548076923076922
2 0.22956730769230768 0.7019230769230769 0.08052884615384616 0.21033653846153846
6 0.21153846153846154 0.5625 0.07091346153846154 0.1346153846153846
4 0.25721153846153844 0.21394230769230768 0.06490384615384616 0.11899038461538461
4 0.3161057692307692 0.65625 0.05048076923076923 0.109375
4 0.48677884615384615 0.7379807692307693 0.04807692307692308 0.11778846153846154
4 0.4579326923076923 0.33413461538461536 0.05889423076923077 0.12379807692307693
4 0.3942307692307692 0.46153846153846156 0.057692307692307696 0.11538461538461539
4 0.5096153846153846 0.8305288461538461 0.051682692307692304 0.11177884615384616
6 0.43028846153846156 0.9158653846153846 0.055288461538461536 0.12379807692307693
1 0.4014423076923077 0.8425480769230769 0.052884615384615384 0.14903846153846154
1 0.6490384615384616 0.46153846153846156 0.07932692307692307 0.1466346153846154
9 0.6478365384615384 0.6790865384615384 0.06129807692307692 0.1346153846153846
9 0.7608173076923077 0.2091346153846154 0.0829326923076923 0.15264423076923078
12 0.8004807692307693 0.9122596153846154 0.06129807692307692 0.12860576923076922
11 0.6550480769230769 0.8497596153846154 0.06971153846153846 0.17307692307692307
8 0.8365384615384616 0.59375 0.09134615384615384 0.2127403846153846
7 0.8149038461538461 0.8497596153846154 0.0625 0.14543269230769232
7 0.6430288461538461 0.5709134615384616 0.06610576923076923 0.14543269230769232
10 0.5865384615384616 0.9122596153846154 0.04927884615384615 0.1045673076923077
10 0.5841346153846154 0.7560096153846154 0.054086538461538464 0.11177884615384616
10 0.7271634615384616 0.8353365384615384 0.052884615384615384 0.11057692307692307
10 0.7391826923076923 0.6646634615384616 0.055288461538461536 0.11658653846153846
10 0.7391826923076923 0.5625 0.06129807692307692 0.11177884615384616
10 0.7524038461538461 0.33774038461538464 0.06490384615384616 0.1201923076923077