6 0.14543269230769232 0.25841346153846156 0.07692307692307693 0.13822115384615385
12 0.3449519230769231 0.27884615384615385 0.06610576923076923 0.13942307692307693
2 0.25961538461538464 0.4026442307692308 0.08533653846153846 0.19591346153846154
5 0.38100961538461536 0.7079326923076923 0.06490384615384616 0.17427884615384615
4 0.2848557692307692 0.5949519230769231 0.055288461538461536 0.11298076923076923
4 0.30288461538461536 0.7692307692307693 0.04927884615384615 0.109375
4 0.359375 0.4963942307692308 0.04807692307692308 0.109375
3 0.5420673076923077 0.6129807692307693 0.06490384615384616 0.13581730769230768
4 0.4639423076923077 0.7043269230769231 0.04447115384615385 0.10096153846153846
9 0.4699519230769231 0.8713942307692307 0.055288461538461536 0.13581730769230768
9 0.5372596153846154 0.27524038461538464 0.0673076923076923 0.15264423076923078
7 0.5444711538461539 0.4050480769230769 0.055288461538461536 0.14182692307692307
11 0.6177884615384616 0.7175480769230769 0.05889423076923077 0.17668269230769232
8 0.7115384615384616 0.6430288461538461 0.0673076923076923 0.203125
12 0.7680288461538461 0.9507211538461539 0.046875 0.0985576923076923
10 0.5432692307692307 0.7043269230769231 0.04807692307692308 0.10216346153846154
10 0.6935096153846154 0.9519230769230769 0.05048076923076923 0.09615384615384616
10 0.6923076923076923 0.7956730769230769 0.04927884615384615 0.10576923076923077
10 0.7235576923076923 0.39903846153846156 0.06129807692307692 0.11177884615384616