11 0.8112980769230769 0.7235576923076923 0.06610576923076923 0.16947115384615385
8 0.8293269230769231 0.6358173076923077 0.06971153846153846 0.19110576923076922
9 0.6346153846153846 0.8028846153846154 0.057692307692307696 0.13701923076923078
9 0.8353365384615384 0.4014423076923077 0.06610576923076923 0.14302884615384615
12 0.7463942307692307 0.2608173076923077 0.06129807692307692 0.13341346153846154
12 0.7920673076923077 0.9459134615384616 0.054086538461538464 0.10697115384615384
7 0.8413461538461539 0.5132211538461539 0.06129807692307692 0.13822115384615385
7 0.6370192307692307 0.9471153846153846 0.04927884615384615 0.1045673076923077
10 0.5625 0.7019230769230769 0.040865384615384616 0.09375
10 0.5709134615384616 0.8581730769230769 0.037259615384615384 0.09495192307692307
10 0.7139423076923077 0.9411057692307693 0.042067307692307696 0.09615384615384616
10 0.71875 0.7764423076923077 0.04326923076923077 0.0985576923076923
10 0.7247596153846154 0.5901442307692307 0.052884615384615384 0.09735576923076923
10 0.734375 0.4879807692307692 0.046875 0.1045673076923077
10 0.7355769230769231 0.3858173076923077 0.04927884615384615 0.109375
10 0.5528846153846154 0.2668269230769231 0.052884615384615384 0.10817307692307693
3 0.4098557692307692 0.8689903846153846 0.04326923076923077 0.13221153846153846
3 0.5588942307692307 0.6069711538461539 0.05889423076923077 0.13942307692307693
5 0.2127403846153846 0.7115384615384616 0.06370192307692307 0.1466346153846154
2 0.21033653846153846 0.6334134615384616 0.07451923076923077 0.18389423076923078
6 0.41225961538461536 0.9362980769230769 0.04567307692307692 0.1141826923076923
6 0.15865384615384615 0.2644230769230769 0.07091346153846154 0.12980769230769232
1 0.24759615384615385 0.7896634615384616 0.042067307692307696 0.13221153846153846
1 0.29086538461538464 0.3870192307692308 0.057692307692307696 0.13822115384615385
4 0.2932692307692308 0.49038461538461536 0.052884615384615384 0.09615384615384616
4 0.30288461538461536 0.5961538461538461 0.05048076923076923 0.1045673076923077
4 0.38221153846153844 0.38221153846153844 0.051682692307692304 0.10216346153846154
4 0.3581730769230769 0.25841346153846156 0.051682692307692304 0.10576923076923077
4 0.32572115384615385 0.7704326923076923 0.04567307692307692 0.09495192307692307
4 0.33653846153846156 0.8521634615384616 0.039663461538461536 0.0985576923076923
4 0.4795673076923077 0.9326923076923077 0.038461538461538464 0.09615384615384616
4 0.4831730769230769 0.6983173076923077 0.040865384615384616 0.10216346153846154