2 0.2764423076923077 0.3641826923076923 0.07451923076923077 0.1971153846153846
6 0.15144230769230768 0.21995192307692307 0.06971153846153846 0.13581730769230768
12 0.3557692307692308 0.2283653846153846 0.06850961538461539 0.13581730769230768
4 0.3245192307692308 0.7451923076923077 0.04927884615384615 0.10096153846153846
4 0.3762019230769231 0.4567307692307692 0.051682692307692304 0.10096153846153846
5 0.40625 0.6766826923076923 0.06490384615384616 0.171875
3 0.5625 0.5649038461538461 0.0625 0.13942307692307693
4 0.49038461538461536 0.6622596153846154 0.04447115384615385 0.10096153846153846
11 0.6454326923076923 0.6682692307692307 0.06610576923076923 0.16947115384615385
8 0.7403846153846154 0.5817307692307693 0.0673076923076923 0.19591346153846154
12 0.8257211538461539 0.75 0.0625 0.125
10 0.5697115384615384 0.6598557692307693 0.04567307692307692 0.09975961538461539
10 0.6454326923076923 0.8185096153846154 0.04927884615384615 0.10697115384615384
10 0.7283653846153846 0.9110576923076923 0.04567307692307692 0.10216346153846154
10 0.7451923076923077 0.33052884615384615 0.056490384615384616 0.11778846153846154