2 0.7692307692307693 0.6995192307692307 0.07932692307692307 0.203125
1 0.5973557692307693 0.84375 0.052884615384615384 0.15144230769230768
1 0.359375 0.45913461538461536 0.06610576923076923 0.14903846153846154
3 0.5961538461538461 0.6622596153846154 0.057692307692307696 0.14903846153846154
3 0.44350961538461536 0.21875 0.08052884615384616 0.1622596153846154
6 0.5721153846153846 0.9158653846153846 0.054086538461538464 0.12740384615384615
6 0.5204326923076923 0.5625 0.06610576923076923 0.13822115384615385
4 0.7403846153846154 0.21634615384615385 0.06971153846153846 0.12980769230769232
4 0.6826923076923077 0.6586538461538461 0.054086538461538464 0.11057692307692307
4 0.49038461538461536 0.8245192307692307 0.046875 0.10817307692307693
4 0.41947115384615385 0.8185096153846154 0.056490384615384616 0.109375
4 0.609375 0.46033653846153844 0.056490384615384616 0.11658653846153846
4 0.5444711538461539 0.33413461538461536 0.06370192307692307 0.12379807692307693
8 0.16105769230769232 0.5913461538461539 0.08173076923076923 0.2091346153846154
9 0.234375 0.21153846153846154 0.07572115384615384 0.16105769230769232
11 0.3449519230769231 0.8521634615384616 0.0625 0.17908653846153846
12 0.20072115384615385 0.9134615384615384 0.06009615384615385 0.125
7 0.3545673076923077 0.5757211538461539 0.0625 0.14783653846153846
7 0.18629807692307693 0.8497596153846154 0.057692307692307696 0.1466346153846154
10 0.4110576923076923 0.9146634615384616 0.052884615384615384 0.1045673076923077
10 0.27283653846153844 0.8305288461538461 0.051682692307692304 0.10697115384615384
10 0.25721153846153844 0.6622596153846154 0.051682692307692304 0.109375
10 0.25961538461538464 0.5612980769230769 0.06009615384615385 0.11177884615384616
10 0.24879807692307693 0.33413461538461536 0.06610576923076923 0.1201923076923077