2 0.23076923076923078 0.6995192307692307 0.07932692307692307 0.203125
1 0.4026442307692308 0.84375 0.052884615384615384 0.15144230769230768
1 0.640625 0.45913461538461536 0.06610576923076923 0.14903846153846154
3 0.40384615384615385 0.6622596153846154 0.057692307692307696 0.14903846153846154
3 0.5564903846153846 0.21875 0.08052884615384616 0.1622596153846154
6 0.42788461538461536 0.9158653846153846 0.054086538461538464 0.12740384615384615
6 0.4795673076923077 0.5625 0.06610576923076923 0.13822115384615385
4 0.25961538461538464 0.21634615384615385 0.06971153846153846 0.12980769230769232
4 0.3173076923076923 0.6586538461538461 0.054086538461538464 0.11057692307692307
4 0.5096153846153846 0.8245192307692307 0.046875 0.10817307692307693
4 0.5805288461538461 0.8185096153846154 0.056490384615384616 0.109375
4 0.390625 0.46033653846153844 0.056490384615384616 0.11658653846153846
4 0.45552884615384615 0.33413461538461536 0.06370192307692307 0.12379807692307693
8 0.8389423076923077 0.5913461538461539 0.08173076923076923 0.2091346153846154
9 0.765625 0.21153846153846154 0.07572115384615384 0.16105769230769232
11 0.6550480769230769 0.8521634615384616 0.0625 0.17908653846153846
12 0.7992788461538461 0.9134615384615384 0.06009615384615385 0.125
7 0.6454326923076923 0.5757211538461539 0.0625 0.14783653846153846
7 0.8137019230769231 0.8497596153846154 0.057692307692307696 0.1466346153846154
10 0.5889423076923077 0.9146634615384616 0.052884615384615384 0.1045673076923077
10 0.7271634615384616 0.8305288461538461 0.051682692307692304 0.10697115384615384
10 0.7427884615384616 0.6622596153846154 0.051682692307692304 0.109375
10 0.7403846153846154 0.5612980769230769 0.06009615384615385 0.11177884615384616
10 0.7512019230769231 0.33413461538461536 0.06610576923076923 0.1201923076923077