6 0.7415865384615384 0.9326923076923077 0.04807692307692308 0.109375
4 0.7379807692307693 0.26802884615384615 0.051682692307692304 0.11298076923076923
6 0.8401442307692307 0.2644230769230769 0.07091346153846154 0.12860576923076922
10 0.2536057692307692 0.2620192307692308 0.056490384615384616 0.10576923076923077
12 0.14302884615384615 0.2548076923076923 0.0673076923076923 0.1346153846153846
9 0.21033653846153846 0.8737980769230769 0.056490384615384616 0.12620192307692307
3 0.7427884615384616 0.8677884615384616 0.054086538461538464 0.12259615384615384
10 0.2848557692307692 0.8605769230769231 0.040865384615384616 0.09014423076923077
4 0.6646634615384616 0.8545673076923077 0.040865384615384616 0.09375
7 0.19471153846153846 0.7980769230769231 0.04807692307692308 0.13341346153846154
1 0.7512019230769231 0.7896634615384616 0.04447115384615385 0.12620192307692307
10 0.2824519230769231 0.7764423076923077 0.039663461538461536 0.09615384615384616
4 0.6766826923076923 0.7728365384615384 0.039663461538461536 0.09375
11 0.18870192307692307 0.7199519230769231 0.06129807692307692 0.16706730769230768
5 0.7824519230769231 0.7043269230769231 0.06610576923076923 0.15745192307692307
10 0.2764423076923077 0.6923076923076923 0.04326923076923077 0.09735576923076923
4 0.6850961538461539 0.6911057692307693 0.04326923076923077 0.0985576923076923
8 0.17427884615384615 0.6346153846153846 0.06610576923076923 0.19110576923076922
2 0.7920673076923077 0.6322115384615384 0.07451923076923077 0.1814903846153846
4 0.6983173076923077 0.5985576923076923 0.04567307692307692 0.0985576923076923
10 0.27884615384615385 0.5925480769230769 0.04447115384615385 0.0985576923076923
7 0.16105769230769232 0.5132211538461539 0.056490384615384616 0.1310096153846154
1 0.8052884615384616 0.5060096153846154 0.0625 0.13221153846153846
4 0.7115384615384616 0.49278846153846156 0.046875 0.0985576923076923
10 0.265625 0.48677884615384615 0.046875 0.10216346153846154
12 0.21033653846153846 0.9483173076923077 0.04567307692307692 0.10336538461538461
10 0.28725961538461536 0.9411057692307693 0.042067307692307696 0.09375
9 0.16706730769230768 0.39663461538461536 0.06610576923076923 0.13942307692307693
3 0.8269230769230769 0.38822115384615385 0.07451923076923077 0.12620192307692307
4 0.7235576923076923 0.38461538461538464 0.052884615384615384 0.10336538461538461
10 0.265625 0.38341346153846156 0.04927884615384615 0.10336538461538461
4 0.6598557692307693 0.9362980769230769 0.039663461538461536 0.09735576923076923