11 0.3449519230769231 0.8545673076923077 0.0673076923076923 0.18028846153846154
8 0.1658653846153846 0.6935096153846154 0.078125 0.20552884615384615
9 0.4519230769230769 0.35336538461538464 0.06610576923076923 0.16466346153846154
6 0.2704326923076923 0.9278846153846154 0.06129807692307692 0.12259615384615384
12 0.4254807692307692 0.8389423076923077 0.057692307692307696 0.1346153846153846
7 0.4411057692307692 0.5673076923076923 0.05889423076923077 0.15384615384615385
10 0.27524038461538464 0.8305288461538461 0.04807692307692308 0.11177884615384616
10 0.2608173076923077 0.6610576923076923 0.056490384615384616 0.1141826923076923
10 0.35096153846153844 0.6694711538461539 0.054086538461538464 0.11778846153846154
10 0.35697115384615385 0.4387019230769231 0.057692307692307696 0.12139423076923077
3 0.24278846153846154 0.35336538461538464 0.07091346153846154 0.1622596153846154
1 0.5072115384615384 0.765625 0.055288461538461536 0.14903846153846154
2 0.7728365384615384 0.6995192307692307 0.08533653846153846 0.2091346153846154
4 0.6850961538461539 0.6550480769230769 0.052884615384615384 0.10817307692307693
4 0.6081730769230769 0.4639423076923077 0.051682692307692304 0.12259615384615384
4 0.5408653846153846 0.33533653846153844 0.06009615384615385 0.11899038461538461