6 0.8365384615384616 0.2692307692307692 0.07692307692307693 0.13701923076923078
2 0.8028846153846154 0.515625 0.09134615384615384 0.20552884615384615
5 0.5973557692307693 0.7079326923076923 0.06370192307692307 0.17668269230769232
9 0.5048076923076923 0.8653846153846154 0.06610576923076923 0.1310096153846154
4 0.5204326923076923 0.9350961538461539 0.046875 0.09975961538461539
4 0.6947115384615384 0.5961538461538461 0.052884615384615384 0.11538461538461539
4 0.6730769230769231 0.7740384615384616 0.056490384615384616 0.10336538461538461
4 0.515625 0.6971153846153846 0.04807692307692308 0.10576923076923077
4 0.625 0.49759615384615385 0.055288461538461536 0.11298076923076923
3 0.43990384615384615 0.6069711538461539 0.06129807692307692 0.13822115384615385
9 0.15985576923076922 0.4014423076923077 0.07572115384615384 0.1466346153846154
11 0.3605769230769231 0.7091346153846154 0.06490384615384616 0.16947115384615385
8 0.2692307692307692 0.6322115384615384 0.07692307692307693 0.1971153846153846
10 0.2620192307692308 0.38341346153846156 0.057692307692307696 0.11298076923076923
12 0.2536057692307692 0.25600961538461536 0.06971153846153846 0.13822115384615385
12 0.20432692307692307 0.9459134615384616 0.06129807692307692 0.10817307692307693
10 0.28125 0.9447115384615384 0.052884615384615384 0.109375
10 0.4362980769230769 0.6959134615384616 0.056490384615384616 0.10576923076923077
10 0.2860576923076923 0.7800480769230769 0.046875 0.11298076923076923
7 0.4375 0.4014423076923077 0.0673076923076923 0.14783653846153846
10 0.44591346153846156 0.2644230769230769 0.05889423076923077 0.11778846153846154