6 0.8389423076923077 0.2668269230769231 0.078125 0.140625
2 0.8100961538461539 0.5132211538461539 0.08052884615384616 0.20432692307692307
4 0.5216346153846154 0.9338942307692307 0.04567307692307692 0.10697115384615384
3 0.4411057692307692 0.6057692307692307 0.0673076923076923 0.13942307692307693
8 0.2668269230769231 0.6274038461538461 0.07572115384615384 0.20432692307692307
11 0.3605769230769231 0.7091346153846154 0.06610576923076923 0.1875
5 0.5973557692307693 0.7079326923076923 0.0673076923076923 0.17668269230769232
4 0.6634615384615384 0.8569711538461539 0.04807692307692308 0.109375
4 0.6742788461538461 0.7764423076923077 0.05048076923076923 0.10817307692307693
4 0.6983173076923077 0.5949519230769231 0.051682692307692304 0.10576923076923077
4 0.6237980769230769 0.49278846153846156 0.06009615384615385 0.11778846153846154
4 0.515625 0.7019230769230769 0.052884615384615384 0.11658653846153846
9 0.5060096153846154 0.8677884615384616 0.06490384615384616 0.14903846153846154
9 0.16346153846153846 0.39903846153846156 0.07451923076923077 0.15144230769230768
12 0.25600961538461536 0.2548076923076923 0.08413461538461539 0.1466346153846154
12 0.20552884615384615 0.9447115384615384 0.06009615384615385 0.11057692307692307
7 0.4387019230769231 0.40024038461538464 0.06610576923076923 0.14903846153846154
10 0.4362980769230769 0.6995192307692307 0.054086538461538464 0.10096153846153846
10 0.28365384615384615 0.9447115384615384 0.05048076923076923 0.09735576923076923
10 0.28365384615384615 0.7848557692307693 0.051682692307692304 0.11538461538461539
10 0.2608173076923077 0.38461538461538464 0.0625 0.11658653846153846
10 0.4495192307692308 0.2620192307692308 0.06009615384615385 0.1141826923076923