2 0.765625 0.6983173076923077 0.09014423076923077 0.20673076923076922
3 0.6478365384615384 0.2283653846153846 0.08533653846153846 0.16466346153846154
6 0.6610576923076923 0.8353365384615384 0.06009615384615385 0.13822115384615385
4 0.7007211538461539 0.4567307692307692 0.06009615384615385 0.11658653846153846
4 0.5168269230769231 0.6514423076923077 0.052884615384615384 0.11538461538461539
1 0.5348557692307693 0.46033653846153844 0.06009615384615385 0.1502403846153846
1 0.35096153846153844 0.8497596153846154 0.06971153846153846 0.15985576923076922
8 0.17668269230769232 0.6033653846153846 0.09014423076923077 0.21033653846153846
10 0.34134615384615385 0.45552884615384615 0.057692307692307696 0.12139423076923077
9 0.19471153846153846 0.8533653846153846 0.07091346153846154 0.1658653846153846
7 0.5036057692307693 0.9302884615384616 0.06009615384615385 0.13822115384615385
7 0.1466346153846154 0.35697115384615385 0.0733173076923077 0.15384615384615385