6 0.8509615384615384 0.25721153846153844 0.07091346153846154 0.13701923076923078
2 0.7367788461538461 0.40384615384615385 0.08653846153846154 0.2127403846153846
5 0.6153846153846154 0.7103365384615384 0.06850961538461539 0.171875
4 0.6971153846153846 0.7752403846153846 0.04567307692307692 0.10697115384615384
4 0.640625 0.4963942307692308 0.05048076923076923 0.11538461538461539
4 0.5336538461538461 0.7019230769230769 0.05048076923076923 0.10817307692307693
3 0.4579326923076923 0.609375 0.0733173076923077 0.14182692307692307
11 0.3798076923076923 0.7151442307692307 0.06610576923076923 0.18389423076923078
8 0.28725961538461536 0.6454326923076923 0.07091346153846154 0.20552884615384615
10 0.453125 0.7043269230769231 0.056490384615384616 0.109375
10 0.3858173076923077 0.8641826923076923 0.051682692307692304 0.10697115384615384
10 0.30408653846153844 0.9495192307692307 0.04807692307692308 0.10096153846153846
10 0.27524038461538464 0.39783653846153844 0.06370192307692307 0.125
12 0.2091346153846154 0.8016826923076923 0.0625 0.12860576923076922
12 0.6574519230769231 0.2764423076923077 0.0733173076923077 0.15384615384615385