2 0.23076923076923078 0.7019230769230769 0.08052884615384616 0.203125
1 0.4050480769230769 0.8425480769230769 0.055288461538461536 0.14302884615384615
6 0.4266826923076923 0.9146634615384616 0.057692307692307696 0.11778846153846154
6 0.484375 0.7560096153846154 0.06370192307692307 0.12259615384615384
3 0.5600961538461539 0.7512019230769231 0.057692307692307696 0.13221153846153846
4 0.5793269230769231 0.8185096153846154 0.051682692307692304 0.10576923076923077
4 0.31490384615384615 0.6586538461538461 0.05048076923076923 0.10817307692307693
4 0.39302884615384615 0.45913461538461536 0.051682692307692304 0.11658653846153846
4 0.25841346153846156 0.21754807692307693 0.06129807692307692 0.11778846153846154
4 0.45913461538461536 0.33413461538461536 0.06129807692307692 0.12379807692307693
3 0.5564903846153846 0.21995192307692307 0.0733173076923077 0.1658653846153846
8 0.8401442307692307 0.5913461538461539 0.08413461538461539 0.20552884615384615
12 0.8028846153846154 0.9170673076923077 0.06490384615384616 0.13221153846153846
9 0.7632211538461539 0.21153846153846154 0.08173076923076923 0.1622596153846154
11 0.6574519230769231 0.8509615384615384 0.0673076923076923 0.1814903846153846
7 0.8149038461538461 0.8497596153846154 0.057692307692307696 0.14182692307692307
7 0.6454326923076923 0.5721153846153846 0.06009615384615385 0.14543269230769232
10 0.4951923076923077 0.8401442307692307 0.052884615384615384 0.109375
10 0.7271634615384616 0.8329326923076923 0.056490384615384616 0.1141826923076923
10 0.7427884615384616 0.6646634615384616 0.051682692307692304 0.109375
10 0.7439903846153846 0.5637019230769231 0.06129807692307692 0.11298076923076923
10 0.6430288461538461 0.43990384615384615 0.06129807692307692 0.1201923076923077