5 0.21634615384615385 0.7043269230769231 0.07451923076923077 0.16466346153846154
2 0.21153846153846154 0.6298076923076923 0.07451923076923077 0.18990384615384615
6 0.16105769230769232 0.265625 0.07451923076923077 0.13221153846153846
6 0.2608173076923077 0.9326923076923077 0.04447115384615385 0.109375
1 0.24639423076923078 0.7896634615384616 0.046875 0.13581730769230768
1 0.29086538461538464 0.3858173076923077 0.06129807692307692 0.13581730769230768
4 0.3401442307692308 0.9399038461538461 0.042067307692307696 0.09735576923076923
4 0.3233173076923077 0.7704326923076923 0.040865384615384616 0.0985576923076923
4 0.33413461538461536 0.8545673076923077 0.039663461538461536 0.09495192307692307
4 0.28966346153846156 0.49399038461538464 0.052884615384615384 0.09495192307692307
4 0.3016826923076923 0.5997596153846154 0.04326923076923077 0.10336538461538461
4 0.3557692307692308 0.2608173076923077 0.04807692307692308 0.1045673076923077
4 0.38100961538461536 0.38221153846153844 0.051682692307692304 0.109375
4 0.4831730769230769 0.6995192307692307 0.04447115384615385 0.09975961538461539
3 0.4098557692307692 0.8689903846153846 0.05048076923076923 0.12740384615384615
3 0.5552884615384616 0.6117788461538461 0.055288461538461536 0.14182692307692307
11 0.8112980769230769 0.7247596153846154 0.06129807692307692 0.16826923076923078
8 0.8269230769230769 0.6394230769230769 0.06490384615384616 0.1875
7 0.8052884615384616 0.7980769230769231 0.04807692307692308 0.13221153846153846
7 0.8401442307692307 0.5108173076923077 0.055288461538461536 0.1310096153846154
9 0.6358173076923077 0.7980769230769231 0.04807692307692308 0.14182692307692307
9 0.8341346153846154 0.39783653846153844 0.0673076923076923 0.140625
12 0.7451923076923077 0.25961538461538464 0.06009615384615385 0.13581730769230768
12 0.7920673076923077 0.9471153846153846 0.04326923076923077 0.10576923076923077
10 0.7151442307692307 0.9435096153846154 0.036057692307692304 0.09134615384615384
10 0.7139423076923077 0.8641826923076923 0.038461538461538464 0.08774038461538461
10 0.7175480769230769 0.7764423076923077 0.038461538461538464 0.09134615384615384
10 0.7235576923076923 0.6923076923076923 0.04326923076923077 0.0985576923076923
10 0.7247596153846154 0.5925480769230769 0.046875 0.09735576923076923
10 0.734375 0.49038461538461536 0.046875 0.10096153846153846
10 0.7367788461538461 0.3870192307692308 0.04927884615384615 0.1045673076923077
10 0.5516826923076923 0.265625 0.051682692307692304 0.11298076923076923